[0m [0m [0m [0m[38;2;218;101;133m▄[0m[38;2;218;101;133m▄[0m[38;2;218;101;133m▄[0m [0m [0m [0m [0m [0m [0m [0m [0m [0m [0m [0m [0m [0m [0m [0m [0m [0m [0m [0m [0m [0m [0m [0m [0m [0m [0m [0m [0m [0m [0m [0m [0m [0m [0m [0m [0m [0m [0m [0m [0m [0m [0m [0m [0m [0m [0m [0m[38;2;218;101;133m▄[0m[38;2;218;101;133m▄[0m[38;2;218;101;133m▄[0m [0m [0m [0m
[0m [0m[38;2;218;101;133m▄[38;2;218;101;133m[48;2;255;148;180m▀[38;2;255;148;180m[48;2;255;148;180m▀[38;2;255;148;180m[48;2;181;83;110m▀[38;2;255;148;180m[48;2;246;141;172m▀[38;2;181;83;110m[48;2;246;141;172m▀[0m[38;2;181;83;110m▄[38;2;218;101;133m[48;2;255;148;180m▀[38;2;218;101;133m[48;2;255;148;180m▀[38;2;218;101;133m[48;2;255;148;180m▀[0m[38;2;218;101;133m▄[38;2;218;101;133m[48;2;218;101;133m▀[38;2;218;101;133m[48;2;255;148;180m▀[38;2;218;101;133m[48;2;218;101;133m▀[0m[38;2;218;101;133m▄[38;2;218;101;133m[48;2;246;141;172m▀[38;2;218;101;133m[48;2;246;141;172m▀[38;2;218;101;133m[48;2;246;141;172m▀[0m[38;2;218;101;133m▄[38;2;218;101;133m[48;2;218;101;133m▀[38;2;218;101;133m[48;2;246;141;172m▀[38;2;218;101;133m[48;2;218;101;133m▀[0m[38;2;218;101;133m▄[38;2;218;101;133m[48;2;246;141;172m▀[38;2;218;101;133m[48;2;246;141;172m▀[38;2;218;101;133m[48;2;246;141;172m▀[0m[38;2;218;101;133m▄[38;2;218;101;133m[48;2;218;101;133m▀[38;2;218;101;133m[48;2;246;141;172m▀[38;2;218;101;133m[48;2;218;101;133m▀[0m[38;2;218;101;133m▄[38;2;218;101;133m[48;2;246;141;172m▀[38;2;218;101;133m[48;2;246;141;172m▀[38;2;218;101;133m[48;2;246;141;172m▀[0m[38;2;218;101;133m▄[38;2;218;101;133m[48;2;218;101;133m▀[38;2;218;101;133m[48;2;246;141;172m▀[38;2;218;101;133m[48;2;218;101;133m▀[0m[38;2;218;101;133m▄[38;2;218;101;133m[48;2;246;141;172m▀[38;2;218;101;133m[48;2;246;141;172m▀[38;2;218;101;133m[48;2;246;141;172m▀[0m[38;2;218;101;133m▄[38;2;218;101;133m[48;2;218;101;133m▀[38;2;218;101;133m[48;2;246;141;172m▀[38;2;218;101;133m[48;2;218;101;133m▀[0m[38;2;218;101;133m▄[38;2;218;101;133m[48;2;246;141;172m▀[38;2;218;101;133m[48;2;246;141;172m▀[38;2;218;101;133m[48;2;246;141;172m▀[0m[38;2;218;101;133m▄[38;2;218;101;133m[48;2;246;141;172m▀[38;2;246;141;172m[48;2;246;141;172m▀[38;2;246;141;172m[48;2;181;83;110m▀[38;2;246;141;172m[48;2;246;141;172m▀[38;2;181;83;110m[48;2;246;141;172m▀[0m[38;2;181;83;110m▄[0m [0m
[0m [38;2;218;101;133m[48;2;218;101;133m▀[38;2;255;148;180m[48;2;246;141;172m▀[38;2;181;83;110m[48;2;246;141;172m▀[38;2;181;83;110m[48;2;181;83;110m▀[38;2;181;83;110m[48;2;246;141;172m▀[38;2;246;141;172m[48;2;246;141;172m▀[38;2;246;141;172m[48;2;181;83;110m▀[38;2;246;141;172m[48;2;246;141;172m▀[38;2;181;83;110m[48;2;246;141;172m▀[38;2;246;141;172m[48;2;246;141;172m▀[38;2;246;141;172m[48;2;181;83;110m▀[38;2;246;141;172m[48;2;181;83;110m▀[38;2;246;141;172m[48;2;246;141;172m▀[38;2;246;141;172m[48;2;181;83;110m▀[38;2;246;141;172m[48;2;181;83;110m▀[38;2;246;141;172m[48;2;246;141;172m▀[38;2;181;83;110m[48;2;246;141;172m▀[38;2;246;141;172m[48;2;246;141;172m▀[38;2;246;141;172m[48;2;181;83;110m▀[38;2;246;141;172m[48;2;181;83;110m▀[38;2;246;141;172m[48;2;246;141;172m▀[38;2;246;141;172m[48;2;181;83;110m▀[38;2;246;141;172m[48;2;181;83;110m▀[38;2;246;141;172m[48;2;246;141;172m▀[38;2;181;83;110m[48;2;246;141;172m▀[38;2;246;141;172m[48;2;246;141;172m▀[38;2;246;141;172m[48;2;181;83;110m▀[38;2;246;141;172m[48;2;181;83;110m▀[38;2;246;141;172m[48;2;246;141;172m▀[38;2;246;141;172m[48;2;181;83;110m▀[38;2;246;141;172m[48;2;181;83;110m▀[38;2;246;141;172m[48;2;246;141;172m▀[38;2;181;83;110m[48;2;246;141;172m▀[38;2;246;141;172m[48;2;246;141;172m▀[38;2;246;141;172m[48;2;181;83;110m▀[38;2;246;141;172m[48;2;181;83;110m▀[38;2;246;141;172m[48;2;246;141;172m▀[38;2;246;141;172m[48;2;181;83;110m▀[38;2;246;141;172m[48;2;181;83;110m▀[38;2;246;141;172m[48;2;246;141;172m▀[38;2;181;83;110m[48;2;246;141;172m▀[38;2;246;141;172m[48;2;246;141;172m▀[38;2;246;141;172m[48;2;181;83;110m▀[38;2;246;141;172m[48;2;181;83;110m▀[38;2;246;141;172m[48;2;246;141;172m▀[38;2;246;141;172m[48;2;181;83;110m▀[38;2;246;141;172m[48;2;181;83;110m▀[38;2;246;141;172m[48;2;246;141;172m▀[38;2;181;83;110m[48;2;246;141;172m▀[38;2;246;141;172m[48;2;246;141;172m▀[38;2;246;141;172m[48;2;181;83;110m▀[38;2;246;141;172m[48;2;246;141;172m▀[38;2;181;83;110m[48;2;246;141;172m▀[38;2;181;83;110m[48;2;181;83;110m▀[38;2;181;83;110m[48;2;246;141;172m▀[38;2;246;141;172m[48;2;246;141;172m▀[38;2;181;83;110m[48;2;181;83;110m▀[0m [0m
[0m [0m [0m[38;2;181;83;110m▀[38;2;246;141;172m[48;2;181;83;110m▀[38;2;246;141;172m[48;2;246;141;172m▀[38;2;246;141;172m[48;2;181;83;110m▀[38;2;181;83;110m[48;2;237;206;174m▀[38;2;237;206;174m[48;2;237;206;174m▀[38;2;181;83;110m[48;2;237;206;174m▀[38;2;181;83;110m[48;2;237;206;174m▀[38;2;181;83;110m[48;2;237;206;174m▀[38;2;237;206;174m[48;2;237;206;174m▀[38;2;181;83;110m[48;2;237;206;174m▀[38;2;181;83;110m[48;2;237;206;174m▀[38;2;181;83;110m[48;2;237;206;174m▀[38;2;237;206;174m[48;2;237;206;174m▀[38;2;181;83;110m[48;2;247;216;184m▀[38;2;181;83;110m[48;2;237;206;174m▀[38;2;181;83;110m[48;2;237;206;174m▀[38;2;237;206;174m[48;2;237;206;174m▀[38;2;181;83;110m[48;2;237;206;174m▀[38;2;181;83;110m[48;2;237;206;174m▀[38;2;181;83;110m[48;2;237;206;174m▀[38;2;237;206;174m[48;2;237;206;174m▀[38;2;181;83;110m[48;2;237;206;174m▀[38;2;181;83;110m[48;2;237;206;174m▀[38;2;181;83;110m[48;2;237;206;174m▀[38;2;237;206;174m[48;2;247;216;184m▀[38;2;181;83;110m[48;2;237;206;174m▀[38;2;181;83;110m[48;2;237;206;174m▀[38;2;181;83;110m[48;2;247;216;184m▀[38;2;237;206;174m[48;2;247;216;184m▀[38;2;181;83;110m[48;2;237;206;174m▀[38;2;181;83;110m[48;2;237;206;174m▀[38;2;181;83;110m[48;2;237;206;174m▀[38;2;237;206;174m[48;2;237;206;174m▀[38;2;181;83;110m[48;2;237;206;174m▀[38;2;181;83;110m[48;2;237;206;174m▀[38;2;181;83;110m[48;2;247;216;184m▀[38;2;237;206;174m[48;2;237;206;174m▀[38;2;181;83;110m[48;2;237;206;174m▀[38;2;181;83;110m[48;2;237;206;174m▀[38;2;181;83;110m[48;2;237;206;174m▀[38;2;237;206;174m[48;2;237;206;174m▀[38;2;181;83;110m[48;2;237;206;174m▀[38;2;181;83;110m[48;2;237;206;174m▀[38;2;181;83;110m[48;2;247;216;184m▀[38;2;237;206;174m[48;2;237;206;174m▀[38;2;181;83;110m[48;2;237;206;174m▀[38;2;181;83;110m[48;2;237;206;174m▀[38;2;181;83;110m[48;2;247;216;184m▀[38;2;247;216;184m[48;2;237;206;174m▀[38;2;181;83;110m[48;2;237;206;174m▀[38;2;246;141;172m[48;2;181;83;110m▀[38;2;246;141;172m[48;2;246;141;172m▀[38;2;246;141;172m[48;2;181;83;110m▀[0m[38;2;181;83;110m▀[0m [0m [0m
[0m [0m [38;2;218;101;133m[48;2;218;101;133m▀[38;2;255;148;180m[48;2;255;148;180m▀[38;2;246;141;172m[48;2;181;83;110m▀[38;2;246;141;172m[48;2;246;141;172m▀[38;2;181;83;110m[48;2;181;83;110m▀[38;2;237;206;174m[48;2;237;206;174m▀[38;2;237;206;174m[48;2;237;206;174m▀[38;2;237;206;174m[48;2;237;206;174m▀[38;2;237;206;174m[48;2;237;206;174m▀[38;2;237;206;174m[48;2;237;206;174m▀[38;2;237;206;174m[48;2;237;206;174m▀[38;2;237;206;174m[48;2;237;206;174m▀[38;2;237;206;174m[48;2;237;206;174m▀[38;2;247;216;184m[48;2;237;206;174m▀[38;2;237;206;174m[48;2;237;206;174m▀[38;2;237;206;174m[48;2;237;206;174m▀[38;2;237;206;174m[48;2;247;216;184m▀[38;2;237;206;174m[48;2;237;206;174m▀[38;2;237;206;174m[48;2;237;206;174m▀[38;2;237;206;174m[48;2;237;206;174m▀[38;2;237;206;174m[48;2;237;206;174m▀[38;2;237;206;174m[48;2;237;206;174m▀[38;2;237;206;174m[48;2;237;206;174m▀[38;2;237;206;174m[48;2;247;216;184m▀[38;2;247;216;184m[48;2;237;206;174m▀[38;2;237;206;174m[48;2;237;206;174m▀[38;2;237;206;174m[48;2;237;206;174m▀[38;2;237;206;174m[48;2;237;206;174m▀[38;2;237;206;174m[48;2;237;206;174m▀[38;2;237;206;174m[48;2;237;206;174m▀[38;2;247;216;184m[48;2;237;206;174m▀[38;2;237;206;174m[48;2;247;216;184m▀[38;2;237;206;174m[48;2;237;206;174m▀[38;2;237;206;174m[48;2;237;206;174m▀[38;2;237;206;174m[48;2;247;216;184m▀[38;2;247;216;184m[48;2;237;206;174m▀[38;2;237;206;174m[48;2;237;206;174m▀[38;2;237;206;174m[48;2;237;206;174m▀[38;2;237;206;174m[48;2;237;206;174m▀[38;2;237;206;174m[48;2;237;206;174m▀[38;2;237;206;174m[48;2;237;206;174m▀[38;2;237;206;174m[48;2;237;206;174m▀[38;2;237;206;174m[48;2;237;206;174m▀[38;2;237;206;174m[48;2;237;206;174m▀[38;2;237;206;174m[48;2;237;206;174m▀[38;2;247;216;184m[48;2;237;206;174m▀[38;2;237;206;174m[48;2;237;206;174m▀[38;2;247;216;184m[48;2;237;206;174m▀[38;2;237;206;174m[48;2;237;206;174m▀[38;2;237;206;174m[48;2;237;206;174m▀[38;2;181;83;110m[48;2;181;83;110m▀[38;2;246;141;172m[48;2;246;141;172m▀[38;2;246;141;172m[48;2;181;83;110m▀[38;2;246;141;172m[48;2;246;141;172m▀[38;2;181;83;110m[48;2;181;83;110m▀[0m [0m [0m
[0m [0m [0m[38;2;218;101;133m▀[38;2;255;148;180m[48;2;218;101;133m▀[38;2;246;141;172m[48;2;246;141;172m▀[38;2;246;141;172m[48;2;181;83;110m▀[38;2;181;83;110m[48;2;237;206;174m▀[38;2;237;206;174m[48;2;237;206;174m▀[38;2;237;206;174m[48;2;237;206;174m▀[38;2;237;206;174m[48;2;237;206;174m▀[38;2;237;206;174m[48;2;237;206;174m▀[38;2;237;206;174m[48;2;237;206;174m▀[38;2;237;206;174m[48;2;247;216;184m▀[38;2;237;206;174m[48;2;237;206;174m▀[38;2;237;206;174m[48;2;237;206;174m▀[38;2;237;206;174m[48;2;237;206;174m▀[38;2;237;206;174m[48;2;237;206;174m▀[38;2;237;206;174m[48;2;237;206;174m▀[38;2;237;206;174m[48;2;237;206;174m▀[38;2;247;216;184m[48;2;237;206;174m▀[38;2;247;216;184m[48;2;237;206;174m▀[38;2;237;206;174m[48;2;237;206;174m▀[38;2;237;206;174m[48;2;237;206;174m▀[38;2;237;206;174m[48;2;237;206;174m▀[38;2;247;216;184m[48;2;237;206;174m▀[38;2;237;206;174m[48;2;237;206;174m▀[38;2;237;206;174m[48;2;237;206;174m▀[38;2;237;206;174m[48;2;237;206;174m▀[38;2;237;206;174m[48;2;237;206;174m▀[38;2;237;206;174m[48;2;237;206;174m▀[38;2;237;206;174m[48;2;237;206;174m▀[38;2;237;206;174m[48;2;237;206;174m▀[38;2;237;206;174m[48;2;237;206;174m▀[38;2;237;206;174m[48;2;237;206;174m▀[38;2;237;206;174m[48;2;237;206;174m▀[38;2;237;206;174m[48;2;237;206;174m▀[38;2;237;206;174m[48;2;237;206;174m▀[38;2;237;206;174m[48;2;237;206;174m▀[38;2;237;206;174m[48;2;237;206;174m▀[38;2;237;206;174m[48;2;237;206;174m▀[38;2;237;206;174m[48;2;237;206;174m▀[38;2;237;206;174m[48;2;237;206;174m▀[38;2;237;206;174m[48;2;237;206;174m▀[38;2;237;206;174m[48;2;237;206;174m▀[38;2;237;206;174m[48;2;237;206;174m▀[38;2;237;206;174m[48;2;237;206;174m▀[38;2;237;206;174m[48;2;247;216;184m▀[38;2;247;216;184m[48;2;237;206;174m▀[38;2;237;206;174m[48;2;237;206;174m▀[38;2;247;216;184m[48;2;237;206;174m▀[38;2;237;206;174m[48;2;247;216;184m▀[38;2;237;206;174m[48;2;237;206;174m▀[38;2;181;83;110m[48;2;237;206;174m▀[38;2;246;141;172m[48;2;181;83;110m▀[38;2;246;141;172m[48;2;246;141;172m▀[38;2;246;141;172m[48;2;181;83;110m▀[0m[38;2;181;83;110m▀[0m [0m [0m
[0m [0m [38;2;218;101;133m[48;2;218;101;133m▀[38;2;218;101;133m[48;2;255;148;180m▀[38;2;246;141;172m[48;2;246;141;172m▀[38;2;181;83;110m[48;2;246;141;172m▀[38;2;181;83;110m[48;2;181;83;110m▀[38;2;247;216;184m[48;2;237;206;174m▀[38;2;237;206;174m[48;2;247;216;184m▀[38;2;237;206;174m[48;2;237;206;174m▀[38;2;237;206;174m[48;2;247;216;184m▀[38;2;247;216;184m[48;2;237;206;174m▀[38;2;237;206;174m[48;2;237;206;174m▀[38;2;237;206;174m[48;2;237;206;174m▀[38;2;237;206;174m[48;2;237;206;174m▀[38;2;237;206;174m[48;2;237;206;174m▀[38;2;237;206;174m[48;2;237;206;174m▀[38;2;237;206;174m[48;2;237;206;174m▀[38;2;237;206;174m[48;2;237;206;174m▀[38;2;237;206;174m[48;2;237;206;174m▀[38;2;237;206;174m[48;2;237;206;174m▀[38;2;237;206;174m[48;2;237;206;174m▀[38;2;237;206;174m[48;2;237;206;174m▀[38;2;237;206;174m[48;2;237;206;174m▀[38;2;237;206;174m[48;2;237;206;174m▀[38;2;237;206;174m[48;2;237;206;174m▀[38;2;237;206;174m[48;2;237;206;174m▀[38;2;237;206;174m[48;2;237;206;174m▀[38;2;237;206;174m[48;2;237;206;174m▀[38;2;237;206;174m[48;2;237;206;174m▀[38;2;237;206;174m[48;2;237;206;174m▀[38;2;237;206;174m[48;2;237;206;174m▀[38;2;237;206;174m[48;2;247;216;184m▀[38;2;247;216;184m[48;2;237;206;174m▀[38;2;237;206;174m[48;2;237;206;174m▀[38;2;237;206;174m[48;2;237;206;174m▀[38;2;237;206;174m[48;2;237;206;174m▀[38;2;237;206;174m[48;2;237;206;174m▀[38;2;237;206;174m[48;2;237;206;174m▀[38;2;237;206;174m[48;2;237;206;174m▀[38;2;237;206;174m[48;2;237;206;174m▀[38;2;237;206;174m[48;2;237;206;174m▀[38;2;237;206;174m[48;2;237;206;174m▀[38;2;237;206;174m[48;2;247;216;184m▀[38;2;237;206;174m[48;2;237;206;174m▀[38;2;247;216;184m[48;2;237;206;174m▀[38;2;237;206;174m[48;2;237;206;174m▀[38;2;237;206;174m[48;2;237;206;174m▀[38;2;237;206;174m[48;2;237;206;174m▀[38;2;237;206;174m[48;2;237;206;174m▀[38;2;237;206;174m[48;2;237;206;174m▀[38;2;247;216;184m[48;2;237;206;174m▀[38;2;181;83;110m[48;2;181;83;110m▀[38;2;181;83;110m[48;2;246;141;172m▀[38;2;246;141;172m[48;2;246;141;172m▀[38;2;181;83;110m[48;2;246;141;172m▀[38;2;181;83;110m[48;2;181;83;110m▀[0m [0m [0m
[0m [0m [0m[38;2;218;101;133m▀[38;2;218;101;133m[48;2;218;101;133m▀[38;2;246;141;172m[48;2;246;141;172m▀[38;2;181;83;110m[48;2;181;83;110m▀[38;2;181;83;110m[48;2;237;206;174m▀[38;2;237;206;174m[48;2;237;206;174m▀[38;2;237;206;174m[48;2;247;216;184m▀[38;2;237;206;174m[48;2;237;206;174m▀[38;2;237;206;174m[48;2;237;206;174m▀[38;2;237;206;174m[48;2;247;216;184m▀[38;2;237;206;174m[48;2;237;206;174m▀[38;2;237;206;174m[48;2;237;206;174m▀[38;2;237;206;174m[48;2;237;206;174m▀[38;2;237;206;174m[48;2;237;206;174m▀[38;2;237;206;174m[48;2;237;206;174m▀[38;2;237;206;174m[48;2;237;206;174m▀[38;2;237;206;174m[48;2;237;206;174m▀[38;2;237;206;174m[48;2;237;206;174m▀[38;2;237;206;174m[48;2;237;206;174m▀[38;2;237;206;174m[48;2;237;206;174m▀[38;2;237;206;174m[48;2;237;206;174m▀[38;2;237;206;174m[48;2;237;206;174m▀[38;2;237;206;174m[48;2;237;206;174m▀[38;2;237;206;174m[48;2;237;206;174m▀[38;2;237;206;174m[48;2;237;206;174m▀[38;2;237;206;174m[48;2;237;206;174m▀[38;2;237;206;174m[48;2;237;206;174m▀[38;2;237;206;174m[48;2;237;206;174m▀[38;2;237;206;174m[48;2;247;216;184m▀[38;2;247;216;184m[48;2;237;206;174m▀[38;2;237;206;174m[48;2;237;206;174m▀[38;2;237;206;174m[48;2;237;206;174m▀[38;2;237;206;174m[48;2;237;206;174m▀[38;2;237;206;174m[48;2;237;206;174m▀[38;2;237;206;174m[48;2;237;206;174m▀[38;2;237;206;174m[48;2;237;206;174m▀[38;2;237;206;174m[48;2;237;206;174m▀[38;2;247;216;184m[48;2;237;206;174m▀[38;2;237;206;174m[48;2;247;216;184m▀[38;2;237;206;174m[48;2;237;206;174m▀[38;2;237;206;174m[48;2;237;206;174m▀[38;2;237;206;174m[48;2;237;206;174m▀[38;2;237;206;174m[48;2;237;206;174m▀[38;2;237;206;174m[48;2;237;206;174m▀[38;2;237;206;174m[48;2;237;206;174m▀[38;2;237;206;174m[48;2;237;206;174m▀[38;2;237;206;174m[48;2;237;206;174m▀[38;2;237;206;174m[48;2;237;206;174m▀[38;2;237;206;174m[48;2;237;206;174m▀[38;2;237;206;174m[48;2;237;206;174m▀[38;2;181;83;110m[48;2;237;206;174m▀[38;2;181;83;110m[48;2;181;83;110m▀[38;2;246;141;172m[48;2;246;141;172m▀[38;2;181;83;110m[48;2;181;83;110m▀[0m[38;2;181;83;110m▀[0m [0m [0m
[0m [0m [38;2;218;101;133m[48;2;218;101;133m▀[38;2;246;141;172m[48;2;246;141;172m▀[38;2;246;141;172m[48;2;181;83;110m▀[38;2;246;141;172m[48;2;246;141;172m▀[38;2;181;83;110m[48;2;181;83;110m▀[38;2;247;216;184m[48;2;237;206;174m▀[38;2;237;206;174m[48;2;237;206;174m▀[38;2;237;206;174m[48;2;237;206;174m▀[38;2;237;206;174m[48;2;237;206;174m▀[38;2;237;206;174m[48;2;237;206;174m▀[38;2;247;216;184m[48;2;237;206;174m▀[38;2;237;206;174m[48;2;237;206;174m▀[38;2;237;206;174m[48;2;237;206;174m▀[38;2;237;206;174m[48;2;237;206;174m▀[38;2;237;206;174m[48;2;237;206;174m▀[38;2;237;206;174m[48;2;247;216;184m▀[38;2;237;206;174m[48;2;237;206;174m▀[38;2;237;206;174m[48;2;237;206;174m▀[38;2;237;206;174m[48;2;237;206;174m▀[38;2;237;206;174m[48;2;237;206;174m▀[38;2;237;206;174m[48;2;237;206;174m▀[38;2;237;206;174m[48;2;237;206;174m▀[38;2;237;206;174m[48;2;237;206;174m▀[38;2;237;206;174m[48;2;237;206;174m▀[38;2;237;206;174m[48;2;237;206;174m▀[38;2;237;206;174m[48;2;237;206;174m▀[38;2;237;206;174m[48;2;237;206;174m▀[38;2;237;206;174m[48;2;237;206;174m▀[38;2;237;206;174m[48;2;237;206;174m▀[38;2;237;206;174m[48;2;237;206;174m▀[38;2;237;206;174m[48;2;237;206;174m▀[38;2;237;206;174m[48;2;237;206;174m▀[38;2;237;206;174m[48;2;237;206;174m▀[38;2;237;206;174m[48;2;237;206;174m▀[38;2;237;206;174m[48;2;237;206;174m▀[38;2;237;206;174m[48;2;237;206;174m▀[38;2;237;206;174m[48;2;237;206;174m▀[38;2;237;206;174m[48;2;237;206;174m▀[38;2;237;206;174m[48;2;237;206;174m▀[38;2;247;216;184m[48;2;237;206;174m▀[38;2;237;206;174m[48;2;237;206;174m▀[38;2;247;216;184m[48;2;237;206;174m▀[38;2;237;206;174m[48;2;237;206;174m▀[38;2;237;206;174m[48;2;237;206;174m▀[38;2;237;206;174m[48;2;237;206;174m▀[38;2;237;206;174m[48;2;237;206;174m▀[38;2;237;206;174m[48;2;237;206;174m▀[38;2;237;206;174m[48;2;237;206;174m▀[38;2;237;206;174m[48;2;237;206;174m▀[38;2;237;206;174m[48;2;237;206;174m▀[38;2;181;83;110m[48;2;181;83;110m▀[38;2;246;141;172m[48;2;246;141;172m▀[38;2;246;141;172m[48;2;181;83;110m▀[38;2;246;141;172m[48;2;246;141;172m▀[38;2;181;83;110m[48;2;181;83;110m▀[0m [0m [0m
[0m [0m [0m[38;2;218;101;133m▀[38;2;246;141;172m[48;2;218;101;133m▀[38;2;246;141;172m[48;2;246;141;172m▀[38;2;246;141;172m[48;2;181;83;110m▀[38;2;181;83;110m[48;2;237;206;174m▀[38;2;237;206;174m[48;2;237;206;174m▀[38;2;237;206;174m[48;2;237;206;174m▀[38;2;237;206;174m[48;2;237;206;174m▀[38;2;237;206;174m[48;2;237;206;174m▀[38;2;237;206;174m[48;2;237;206;174m▀[38;2;237;206;174m[48;2;237;206;174m▀[38;2;237;206;174m[48;2;237;206;174m▀[38;2;237;206;174m[48;2;237;206;174m▀[38;2;237;206;174m[48;2;237;206;174m▀[38;2;247;216;184m[48;2;237;206;174m▀[38;2;237;206;174m[48;2;237;206;174m▀[38;2;237;206;174m[48;2;237;206;174m▀[38;2;237;206;174m[48;2;237;206;174m▀[38;2;237;206;174m[48;2;237;206;174m▀[38;2;237;206;174m[48;2;237;206;174m▀[38;2;237;206;174m[48;2;237;206;174m▀[38;2;237;206;174m[48;2;237;206;174m▀[38;2;237;206;174m[48;2;237;206;174m▀[38;2;237;206;174m[48;2;237;206;174m▀[38;2;237;206;174m[48;2;237;206;174m▀[38;2;237;206;174m[48;2;237;206;174m▀[38;2;237;206;174m[48;2;237;206;174m▀[38;2;237;206;174m[48;2;237;206;174m▀[38;2;237;206;174m[48;2;237;206;174m▀[38;2;237;206;174m[48;2;237;206;174m▀[38;2;237;206;174m[48;2;237;206;174m▀[38;2;237;206;174m[48;2;237;206;174m▀[38;2;237;206;174m[48;2;237;206;174m▀[38;2;237;206;174m[48;2;237;206;174m▀[38;2;237;206;174m[48;2;237;206;174m▀[38;2;237;206;174m[48;2;237;206;174m▀[38;2;237;206;174m[48;2;247;216;184m▀[38;2;237;206;174m[48;2;237;206;174m▀[38;2;237;206;174m[48;2;237;206;174m▀[38;2;237;206;174m[48;2;237;206;174m▀[38;2;237;206;174m[48;2;237;206;174m▀[38;2;237;206;174m[48;2;237;206;174m▀[38;2;237;206;174m[48;2;237;206;174m▀[38;2;237;206;174m[48;2;237;206;174m▀[38;2;237;206;174m[48;2;237;206;174m▀[38;2;237;206;174m[48;2;237;206;174m▀[38;2;237;206;174m[48;2;237;206;174m▀[38;2;237;206;174m[48;2;237;206;174m▀[38;2;237;206;174m[48;2;247;216;184m▀[38;2;247;216;184m[48;2;237;206;174m▀[38;2;181;83;110m[48;2;237;206;174m▀[38;2;246;141;172m[48;2;181;83;110m▀[38;2;246;141;172m[48;2;246;141;172m▀[38;2;246;141;172m[48;2;181;83;110m▀[0m[38;2;181;83;110m▀[0m [0m [0m
[0m [0m [38;2;218;101;133m[48;2;218;101;133m▀[38;2;218;101;133m[48;2;246;141;172m▀[38;2;246;141;172m[48;2;246;141;172m▀[38;2;181;83;110m[48;2;246;141;172m▀[38;2;181;83;110m[48;2;181;83;110m▀[38;2;237;206;174m[48;2;237;206;174m▀[38;2;237;206;174m[48;2;237;206;174m▀[38;2;237;206;174m[48;2;237;206;174m▀[38;2;237;206;174m[48;2;237;206;174m▀[38;2;237;206;174m[48;2;237;206;174m▀[38;2;237;206;174m[48;2;237;206;174m▀[38;2;237;206;174m[48;2;247;216;184m▀[38;2;247;216;184m[48;2;237;206;174m▀[38;2;237;206;174m[48;2;237;206;174m▀[38;2;237;206;174m[48;2;237;206;174m▀[38;2;237;206;174m[48;2;237;206;174m▀[38;2;237;206;174m[48;2;247;216;184m▀[38;2;237;206;174m[48;2;237;206;174m▀[38;2;237;206;174m[48;2;237;206;174m▀[38;2;237;206;174m[48;2;237;206;174m▀[38;2;237;206;174m[48;2;237;206;174m▀[38;2;237;206;174m[48;2;237;206;174m▀[38;2;237;206;174m[48;2;237;206;174m▀[38;2;237;206;174m[48;2;237;206;174m▀[38;2;237;206;174m[48;2;237;206;174m▀[38;2;237;206;174m[48;2;237;206;174m▀[38;2;237;206;174m[48;2;237;206;174m▀[38;2;237;206;174m[48;2;237;206;174m▀[38;2;237;206;174m[48;2;237;206;174m▀[38;2;237;206;174m[48;2;237;206;174m▀[38;2;237;206;174m[48;2;237;206;174m▀[38;2;237;206;174m[48;2;237;206;174m▀[38;2;237;206;174m[48;2;237;206;174m▀[38;2;237;206;174m[48;2;237;206;174m▀[38;2;237;206;174m[48;2;247;216;184m▀[38;2;247;216;184m[48;2;237;206;174m▀[38;2;237;206;174m[48;2;237;206;174m▀[38;2;237;206;174m[48;2;237;206;174m▀[38;2;237;206;174m[48;2;237;206;174m▀[38;2;237;206;174m[48;2;237;206;174m▀[38;2;237;206;174m[48;2;237;206;174m▀[38;2;237;206;174m[48;2;237;206;174m▀[38;2;237;206;174m[48;2;237;206;174m▀[38;2;237;206;174m[48;2;237;206;174m▀[38;2;247;216;184m[48;2;237;206;174m▀[38;2;237;206;174m[48;2;237;206;174m▀[38;2;237;206;174m[48;2;247;216;184m▀[38;2;247;216;184m[48;2;237;206;174m▀[38;2;237;206;174m[48;2;237;206;174m▀[38;2;237;206;174m[48;2;237;206;174m▀[38;2;181;83;110m[48;2;181;83;110m▀[38;2;181;83;110m[48;2;246;141;172m▀[38;2;246;141;172m[48;2;246;141;172m▀[38;2;181;83;110m[48;2;246;141;172m▀[38;2;181;83;110m[48;2;181;83;110m▀[0m [0m [0m
[0m [0m [0m[38;2;218;101;133m▀[38;2;218;101;133m[48;2;218;101;133m▀[38;2;246;141;172m[48;2;246;141;172m▀[38;2;181;83;110m[48;2;181;83;110m▀[38;2;181;83;110m[48;2;237;206;174m▀[38;2;237;206;174m[48;2;237;206;174m▀[38;2;237;206;174m[48;2;237;206;174m▀[38;2;237;206;174m[48;2;237;206;174m▀[38;2;237;206;174m[48;2;237;206;174m▀[38;2;237;206;174m[48;2;237;206;174m▀[38;2;247;216;184m[48;2;237;206;174m▀[38;2;237;206;174m[48;2;237;206;174m▀[38;2;237;206;174m[48;2;237;206;174m▀[38;2;237;206;174m[48;2;237;206;174m▀[38;2;237;206;174m[48;2;237;206;174m▀[38;2;237;206;174m[48;2;237;206;174m▀[38;2;237;206;174m[48;2;237;206;174m▀[38;2;237;206;174m[48;2;237;206;174m▀[38;2;237;206;174m[48;2;247;216;184m▀[38;2;237;206;174m[48;2;237;206;174m▀[38;2;237;206;174m[48;2;247;216;184m▀[38;2;247;216;184m[48;2;237;206;174m▀[38;2;237;206;174m[48;2;237;206;174m▀[38;2;237;206;174m[48;2;237;206;174m▀[38;2;237;206;174m[48;2;237;206;174m▀[38;2;237;206;174m[48;2;237;206;174m▀[38;2;237;206;174m[48;2;237;206;174m▀[38;2;237;206;174m[48;2;237;206;174m▀[38;2;237;206;174m[48;2;237;206;174m▀[38;2;237;206;174m[48;2;237;206;174m▀[38;2;237;206;174m[48;2;237;206;174m▀[38;2;237;206;174m[48;2;237;206;174m▀[38;2;237;206;174m[48;2;247;216;184m▀[38;2;237;206;174m[48;2;237;206;174m▀[38;2;237;206;174m[48;2;247;216;184m▀[38;2;237;206;174m[48;2;237;206;174m▀[38;2;237;206;174m[48;2;237;206;174m▀[38;2;237;206;174m[48;2;237;206;174m▀[38;2;237;206;174m[48;2;237;206;174m▀[38;2;237;206;174m[48;2;237;206;174m▀[38;2;237;206;174m[48;2;237;206;174m▀[38;2;237;206;174m[48;2;237;206;174m▀[38;2;237;206;174m[48;2;237;206;174m▀[38;2;237;206;174m[48;2;237;206;174m▀[38;2;237;206;174m[48;2;247;216;184m▀[38;2;237;206;174m[48;2;237;206;174m▀[38;2;237;206;174m[48;2;237;206;174m▀[38;2;237;206;174m[48;2;237;206;174m▀[38;2;237;206;174m[48;2;237;206;174m▀[38;2;237;206;174m[48;2;237;206;174m▀[38;2;181;83;110m[48;2;237;206;174m▀[38;2;181;83;110m[48;2;181;83;110m▀[38;2;246;141;172m[48;2;246;141;172m▀[38;2;181;83;110m[48;2;181;83;110m▀[0m[38;2;181;83;110m▀[0m [0m [0m
[0m [0m [38;2;218;101;133m[48;2;218;101;133m▀[38;2;246;141;172m[48;2;246;141;172m▀[38;2;246;141;172m[48;2;181;83;110m▀[38;2;246;141;172m[48;2;246;141;172m▀[38;2;181;83;110m[48;2;181;83;110m▀[38;2;237;206;174m[48;2;237;206;174m▀[38;2;237;206;174m[48;2;237;206;174m▀[38;2;237;206;174m[48;2;247;216;184m▀[38;2;247;216;184m[48;2;237;206;174m▀[38;2;237;206;174m[48;2;237;206;174m▀[38;2;237;206;174m[48;2;237;206;174m▀[38;2;237;206;174m[48;2;237;206;174m▀[38;2;237;206;174m[48;2;237;206;174m▀[38;2;237;206;174m[48;2;237;206;174m▀[38;2;237;206;174m[48;2;237;206;174m▀[38;2;237;206;174m[48;2;237;206;174m▀[38;2;237;206;174m[48;2;237;206;174m▀[38;2;237;206;174m[48;2;237;206;174m▀[38;2;237;206;174m[48;2;247;216;184m▀[38;2;237;206;174m[48;2;237;206;174m▀[38;2;237;206;174m[48;2;247;216;184m▀[38;2;237;206;174m[48;2;237;206;174m▀[38;2;237;206;174m[48;2;237;206;174m▀[38;2;237;206;174m[48;2;237;206;174m▀[38;2;237;206;174m[48;2;237;206;174m▀[38;2;237;206;174m[48;2;237;206;174m▀[38;2;237;206;174m[48;2;237;206;174m▀[38;2;237;206;174m[48;2;237;206;174m▀[38;2;237;206;174m[48;2;237;206;174m▀[38;2;237;206;174m[48;2;237;206;174m▀[38;2;237;206;174m[48;2;247;216;184m▀[38;2;247;216;184m[48;2;237;206;174m▀[38;2;237;206;174m[48;2;237;206;174m▀[38;2;237;206;174m[48;2;237;206;174m▀[38;2;237;206;174m[48;2;237;206;174m▀[38;2;247;216;184m[48;2;237;206;174m▀[38;2;237;206;174m[48;2;247;216;184m▀[38;2;237;206;174m[48;2;247;216;184m▀[38;2;237;206;174m[48;2;237;206;174m▀[38;2;237;206;174m[48;2;237;206;174m▀[38;2;237;206;174m[48;2;237;206;174m▀[38;2;237;206;174m[48;2;237;206;174m▀[38;2;237;206;174m[48;2;247;216;184m▀[38;2;247;216;184m[48;2;237;206;174m▀[38;2;237;206;174m[48;2;237;206;174m▀[38;2;237;206;174m[48;2;237;206;174m▀[38;2;237;206;174m[48;2;237;206;174m▀[38;2;237;206;174m[48;2;237;206;174m▀[38;2;237;206;174m[48;2;237;206;174m▀[38;2;237;206;174m[48;2;237;206;174m▀[38;2;181;83;110m[48;2;181;83;110m▀[38;2;246;141;172m[48;2;246;141;172m▀[38;2;246;141;172m[48;2;181;83;110m▀[38;2;246;141;172m[48;2;246;141;172m▀[38;2;181;83;110m[48;2;181;83;110m▀[0m [0m [0m
[0m [0m [0m[38;2;218;101;133m▀[38;2;246;141;172m[48;2;181;83;110m▀[38;2;246;141;172m[48;2;246;141;172m▀[38;2;246;141;172m[48;2;181;83;110m▀[38;2;181;83;110m[48;2;237;206;174m▀[38;2;237;206;174m[48;2;247;216;184m▀[38;2;247;216;184m[48;2;237;206;174m▀[38;2;237;206;174m[48;2;237;206;174m▀[38;2;237;206;174m[48;2;237;206;174m▀[38;2;237;206;174m[48;2;237;206;174m▀[38;2;237;206;174m[48;2;237;206;174m▀[38;2;237;206;174m[48;2;237;206;174m▀[38;2;237;206;174m[48;2;237;206;174m▀[38;2;237;206;174m[48;2;237;206;174m▀[38;2;237;206;174m[48;2;237;206;174m▀[38;2;237;206;174m[48;2;237;206;174m▀[38;2;237;206;174m[48;2;247;216;184m▀[38;2;247;216;184m[48;2;237;206;174m▀[38;2;237;206;174m[48;2;237;206;174m▀[38;2;237;206;174m[48;2;237;206;174m▀[38;2;237;206;174m[48;2;237;206;174m▀[38;2;237;206;174m[48;2;237;206;174m▀[38;2;247;216;184m[48;2;237;206;174m▀[38;2;237;206;174m[48;2;247;216;184m▀[38;2;237;206;174m[48;2;237;206;174m▀[38;2;237;206;174m[48;2;237;206;174m▀[38;2;237;206;174m[48;2;237;206;174m▀[38;2;237;206;174m[48;2;237;206;174m▀[38;2;237;206;174m[48;2;247;216;184m▀[38;2;247;216;184m[48;2;237;206;174m▀[38;2;237;206;174m[48;2;237;206;174m▀[38;2;237;206;174m[48;2;237;206;174m▀[38;2;237;206;174m[48;2;237;206;174m▀[38;2;237;206;174m[48;2;237;206;174m▀[38;2;237;206;174m[48;2;237;206;174m▀[38;2;237;206;174m[48;2;237;206;174m▀[38;2;237;206;174m[48;2;237;206;174m▀[38;2;237;206;174m[48;2;237;206;174m▀[38;2;247;216;184m[48;2;237;206;174m▀[38;2;237;206;174m[48;2;247;216;184m▀[38;2;237;206;174m[48;2;247;216;184m▀[38;2;247;216;184m[48;2;237;206;174m▀[38;2;237;206;174m[48;2;237;206;174m▀[38;2;237;206;174m[48;2;237;206;174m▀[38;2;237;206;174m[48;2;237;206;174m▀[38;2;237;206;174m[48;2;237;206;174m▀[38;2;237;206;174m[48;2;237;206;174m▀[38;2;237;206;174m[48;2;237;206;174m▀[38;2;237;206;174m[48;2;237;206;174m▀[38;2;237;206;174m[48;2;237;206;174m▀[38;2;181;83;110m[48;2;237;206;174m▀[38;2;246;141;172m[48;2;181;83;110m▀[38;2;246;141;172m[48;2;246;141;172m▀[38;2;246;141;172m[48;2;181;83;110m▀[0m[38;2;181;83;110m▀[0m [0m [0m
[0m [0m[38;2;218;101;133m▄[38;2;218;101;133m[48;2;246;141;172m▀[38;2;246;141;172m[48;2;246;141;172m▀[38;2;246;141;172m[48;2;181;83;110m▀[38;2;246;141;172m[48;2;246;141;172m▀[38;2;181;83;110m[48;2;246;141;172m▀[38;2;237;206;174m[48;2;181;83;110m▀[38;2;181;83;110m[48;2;246;141;172m▀[38;2;181;83;110m[48;2;246;141;172m▀[38;2;181;83;110m[48;2;246;141;172m▀[38;2;237;206;174m[48;2;181;83;110m▀[38;2;181;83;110m[48;2;181;83;110m▀[38;2;181;83;110m[48;2;246;141;172m▀[38;2;181;83;110m[48;2;181;83;110m▀[38;2;237;206;174m[48;2;181;83;110m▀[38;2;181;83;110m[48;2;246;141;172m▀[38;2;181;83;110m[48;2;246;141;172m▀[38;2;181;83;110m[48;2;246;141;172m▀[38;2;237;206;174m[48;2;181;83;110m▀[38;2;181;83;110m[48;2;181;83;110m▀[38;2;181;83;110m[48;2;246;141;172m▀[38;2;181;83;110m[48;2;181;83;110m▀[38;2;237;206;174m[48;2;181;83;110m▀[38;2;181;83;110m[48;2;246;141;172m▀[38;2;181;83;110m[48;2;246;141;172m▀[38;2;181;83;110m[48;2;246;141;172m▀[38;2;237;206;174m[48;2;181;83;110m▀[38;2;181;83;110m[48;2;181;83;110m▀[38;2;181;83;110m[48;2;246;141;172m▀[38;2;181;83;110m[48;2;181;83;110m▀[38;2;237;206;174m[48;2;181;83;110m▀[38;2;181;83;110m[48;2;246;141;172m▀[38;2;181;83;110m[48;2;246;141;172m▀[38;2;181;83;110m[48;2;246;141;172m▀[38;2;237;206;174m[48;2;181;83;110m▀[38;2;181;83;110m[48;2;181;83;110m▀[38;2;181;83;110m[48;2;246;141;172m▀[38;2;181;83;110m[48;2;181;83;110m▀[38;2;237;206;174m[48;2;181;83;110m▀[38;2;181;83;110m[48;2;246;141;172m▀[38;2;181;83;110m[48;2;246;141;172m▀[38;2;181;83;110m[48;2;246;141;172m▀[38;2;237;206;174m[48;2;181;83;110m▀[38;2;181;83;110m[48;2;181;83;110m▀[38;2;181;83;110m[48;2;246;141;172m▀[38;2;181;83;110m[48;2;181;83;110m▀[38;2;237;206;174m[48;2;181;83;110m▀[38;2;181;83;110m[48;2;246;141;172m▀[38;2;181;83;110m[48;2;246;141;172m▀[38;2;181;83;110m[48;2;246;141;172m▀[38;2;237;206;174m[48;2;181;83;110m▀[38;2;181;83;110m[48;2;246;141;172m▀[38;2;246;141;172m[48;2;246;141;172m▀[38;2;246;141;172m[48;2;181;83;110m▀[38;2;230;131;160m[48;2;246;141;172m▀[38;2;181;83;110m[48;2;230;131;160m▀[0m[38;2;144;67;88m▄[0m [0m
[0m [38;2;218;101;133m[48;2;218;101;133m▀[38;2;246;141;172m[48;2;246;141;172m▀[38;2;181;83;110m[48;2;246;141;172m▀[38;2;181;83;110m[48;2;181;83;110m▀[38;2;181;83;110m[48;2;246;141;172m▀[38;2;246;141;172m[48;2;246;141;172m▀[38;2;246;141;172m[48;2;181;83;110m▀[38;2;246;141;172m[48;2;246;141;172m▀[38;2;181;83;110m[48;2;246;141;172m▀[38;2;246;141;172m[48;2;246;141;172m▀[38;2;246;141;172m[48;2;144;67;88m▀[38;2;246;141;172m[48;2;144;67;88m▀[38;2;246;141;172m[48;2;246;141;172m▀[38;2;246;141;172m[48;2;144;67;88m▀[38;2;246;141;172m[48;2;144;67;88m▀[38;2;246;141;172m[48;2;246;141;172m▀[38;2;181;83;110m[48;2;246;141;172m▀[38;2;246;141;172m[48;2;246;141;172m▀[38;2;246;141;172m[48;2;144;67;88m▀[38;2;246;141;172m[48;2;144;67;88m▀[38;2;246;141;172m[48;2;246;141;172m▀[38;2;246;141;172m[48;2;144;67;88m▀[38;2;246;141;172m[48;2;144;67;88m▀[38;2;246;141;172m[48;2;246;141;172m▀[38;2;181;83;110m[48;2;246;141;172m▀[38;2;246;141;172m[48;2;246;141;172m▀[38;2;246;141;172m[48;2;144;67;88m▀[38;2;246;141;172m[48;2;144;67;88m▀[38;2;246;141;172m[48;2;246;141;172m▀[38;2;246;141;172m[48;2;144;67;88m▀[38;2;246;141;172m[48;2;144;67;88m▀[38;2;246;141;172m[48;2;246;141;172m▀[38;2;181;83;110m[48;2;246;141;172m▀[38;2;246;141;172m[48;2;246;141;172m▀[38;2;246;141;172m[48;2;144;67;88m▀[38;2;246;141;172m[48;2;144;67;88m▀[38;2;246;141;172m[48;2;246;141;172m▀[38;2;246;141;172m[48;2;144;67;88m▀[38;2;246;141;172m[48;2;144;67;88m▀[38;2;246;141;172m[48;2;246;141;172m▀[38;2;181;83;110m[48;2;246;141;172m▀[38;2;246;141;172m[48;2;246;141;172m▀[38;2;246;141;172m[48;2;144;67;88m▀[38;2;246;141;172m[48;2;144;67;88m▀[38;2;246;141;172m[48;2;230;131;160m▀[38;2;246;141;172m[48;2;144;67;88m▀[38;2;246;141;172m[48;2;144;67;88m▀[38;2;246;141;172m[48;2;230;131;160m▀[38;2;181;83;110m[48;2;230;131;160m▀[38;2;246;141;172m[48;2;230;131;160m▀[38;2;246;141;172m[48;2;181;83;110m▀[38;2;246;141;172m[48;2;246;141;172m▀[38;2;181;83;110m[48;2;246;141;172m▀[38;2;181;83;110m[48;2;181;83;110m▀[38;2;181;83;110m[48;2;230;131;160m▀[38;2;230;131;160m[48;2;230;131;160m▀[38;2;144;67;88m[48;2;144;67;88m▀[0m [0m
[0m [0m [0m[38;2;181;83;110m▀[38;2;246;141;172m[48;2;144;67;88m▀[38;2;246;141;172m[48;2;144;67;88m▀[38;2;246;141;172m[48;2;144;67;88m▀[0m[38;2;144;67;88m▀[0m [0m[38;2;144;67;88m▀[0m[38;2;144;67;88m▀[0m[38;2;144;67;88m▀[0m [0m[38;2;144;67;88m▀[0m[38;2;144;67;88m▀[0m[38;2;144;67;88m▀[0m [0m[38;2;144;67;88m▀[0m[38;2;144;67;88m▀[0m[38;2;144;67;88m▀[0m [0m[38;2;144;67;88m▀[0m[38;2;144;67;88m▀[0m[38;2;144;67;88m▀[0m [0m[38;2;144;67;88m▀[0m[38;2;144;67;88m▀[0m[38;2;144;67;88m▀[0m [0m[38;2;144;67;88m▀[0m[38;2;144;67;88m▀[0m[38;2;144;67;88m▀[0m [0m[38;2;144;67;88m▀[0m[38;2;144;67;88m▀[0m[38;2;144;67;88m▀[0m [0m[38;2;144;67;88m▀[0m[38;2;144;67;88m▀[0m[38;2;144;67;88m▀[0m [0m[38;2;144;67;88m▀[0m[38;2;144;67;88m▀[0m[38;2;144;67;88m▀[0m [0m[38;2;144;67;88m▀[0m[38;2;144;67;88m▀[0m[38;2;144;67;88m▀[0m [0m[38;2;144;67;88m▀[0m[38;2;144;67;88m▀[0m[38;2;144;67;88m▀[0m [0m[38;2;144;67;88m▀[38;2;230;131;160m[48;2;144;67;88m▀[38;2;230;131;160m[48;2;144;67;88m▀[38;2;230;131;160m[48;2;144;67;88m▀[0m[38;2;144;67;88m▀[0m [0m [0m
[0m [0m [0m [0m [0m [0m [0m [0m [0m [0m [0m [0m [0m [0m [0m [0m [0m [0m [0m [0m [0m [0m [0m [0m [0m [0m [0m [0m [0m [0m [0m [0m [0m [0m [0m [0m [0m [0m [0m [0m [0m [0m [0m [0m [0m [0m [0m [0m [0m [0m [0m [0m [0m [0m [0m [0m [0m [0m [0m [0m
