[0m [0m[38;2;181;83;110m▄[38;2;181;83;110m[48;2;246;141;172m▀[38;2;181;83;110m[48;2;246;141;172m▀[38;2;181;83;110m[48;2;246;141;172m▀[0m[38;2;181;83;110m▄[0m [0m[38;2;181;83;110m▄[0m[38;2;181;83;110m▄[0m[38;2;181;83;110m▄[0m [0m[38;2;181;83;110m▄[0m[38;2;181;83;110m▄[0m[38;2;181;83;110m▄[0m [0m[38;2;181;83;110m▄[0m[38;2;181;83;110m▄[0m[38;2;181;83;110m▄[0m [0m[38;2;181;83;110m▄[0m[38;2;181;83;110m▄[0m[38;2;181;83;110m▄[0m [0m[38;2;181;83;110m▄[0m[38;2;181;83;110m▄[0m[38;2;181;83;110m▄[0m [0m[38;2;181;83;110m▄[0m[38;2;181;83;110m▄[0m[38;2;181;83;110m▄[0m [0m[38;2;181;83;110m▄[0m[38;2;181;83;110m▄[0m[38;2;181;83;110m▄[0m [0m[38;2;181;83;110m▄[0m[38;2;181;83;110m▄[0m[38;2;181;83;110m▄[0m [0m[38;2;181;83;110m▄[0m[38;2;181;83;110m▄[0m[38;2;181;83;110m▄[0m [0m[38;2;181;83;110m▄[0m[38;2;181;83;110m▄[0m[38;2;181;83;110m▄[0m [0m[38;2;181;83;110m▄[0m[38;2;181;83;110m▄[0m[38;2;181;83;110m▄[0m [0m[38;2;181;83;110m▄[38;2;181;83;110m[48;2;246;141;172m▀[38;2;181;83;110m[48;2;246;141;172m▀[38;2;181;83;110m[48;2;246;141;172m▀[0m[38;2;181;83;110m▄[0m [0m [0m
[38;2;181;83;110m[48;2;181;83;110m▀[38;2;246;141;172m[48;2;246;141;172m▀[38;2;246;141;172m[48;2;181;83;110m▀[38;2;181;83;110m[48;2;181;83;110m▀[38;2;246;141;172m[48;2;181;83;110m▀[38;2;246;141;172m[48;2;246;141;172m▀[38;2;181;83;110m[48;2;246;141;172m▀[38;2;246;141;172m[48;2;246;141;172m▀[38;2;246;141;172m[48;2;181;83;110m▀[38;2;246;141;172m[48;2;246;141;172m▀[38;2;181;83;110m[48;2;246;141;172m▀[38;2;181;83;110m[48;2;246;141;172m▀[38;2;246;141;172m[48;2;246;141;172m▀[38;2;181;83;110m[48;2;246;141;172m▀[38;2;181;83;110m[48;2;246;141;172m▀[38;2;246;141;172m[48;2;246;141;172m▀[38;2;246;141;172m[48;2;181;83;110m▀[38;2;246;141;172m[48;2;246;141;172m▀[38;2;181;83;110m[48;2;246;141;172m▀[38;2;181;83;110m[48;2;246;141;172m▀[38;2;246;141;172m[48;2;246;141;172m▀[38;2;181;83;110m[48;2;246;141;172m▀[38;2;181;83;110m[48;2;246;141;172m▀[38;2;246;141;172m[48;2;246;141;172m▀[38;2;246;141;172m[48;2;181;83;110m▀[38;2;246;141;172m[48;2;246;141;172m▀[38;2;181;83;110m[48;2;246;141;172m▀[38;2;181;83;110m[48;2;246;141;172m▀[38;2;246;141;172m[48;2;246;141;172m▀[38;2;181;83;110m[48;2;246;141;172m▀[38;2;181;83;110m[48;2;246;141;172m▀[38;2;246;141;172m[48;2;246;141;172m▀[38;2;246;141;172m[48;2;181;83;110m▀[38;2;246;141;172m[48;2;246;141;172m▀[38;2;181;83;110m[48;2;246;141;172m▀[38;2;181;83;110m[48;2;246;141;172m▀[38;2;246;141;172m[48;2;246;141;172m▀[38;2;181;83;110m[48;2;246;141;172m▀[38;2;181;83;110m[48;2;246;141;172m▀[38;2;246;141;172m[48;2;246;141;172m▀[38;2;246;141;172m[48;2;181;83;110m▀[38;2;246;141;172m[48;2;246;141;172m▀[38;2;181;83;110m[48;2;246;141;172m▀[38;2;181;83;110m[48;2;246;141;172m▀[38;2;246;141;172m[48;2;246;141;172m▀[38;2;181;83;110m[48;2;246;141;172m▀[38;2;181;83;110m[48;2;246;141;172m▀[38;2;246;141;172m[48;2;246;141;172m▀[38;2;246;141;172m[48;2;181;83;110m▀[38;2;246;141;172m[48;2;246;141;172m▀[38;2;181;83;110m[48;2;246;141;172m▀[38;2;246;141;172m[48;2;246;141;172m▀[38;2;246;141;172m[48;2;181;83;110m▀[38;2;181;83;110m[48;2;181;83;110m▀[38;2;246;141;172m[48;2;181;83;110m▀[38;2;246;141;172m[48;2;246;141;172m▀[38;2;181;83;110m[48;2;181;83;110m▀[0m [0m
[0m[38;2;181;83;110m▀[38;2;246;141;172m[48;2;181;83;110m▀[38;2;246;141;172m[48;2;246;141;172m▀[38;2;181;83;110m[48;2;246;141;172m▀[38;2;246;141;172m[48;2;246;141;172m▀[38;2;246;141;172m[48;2;181;83;110m▀[38;2;181;83;110m[48;2;237;206;174m▀[38;2;246;141;172m[48;2;181;83;110m▀[38;2;246;141;172m[48;2;181;83;110m▀[38;2;246;141;172m[48;2;181;83;110m▀[38;2;181;83;110m[48;2;237;206;174m▀[38;2;181;83;110m[48;2;181;83;110m▀[38;2;246;141;172m[48;2;181;83;110m▀[38;2;181;83;110m[48;2;181;83;110m▀[38;2;181;83;110m[48;2;237;206;174m▀[38;2;246;141;172m[48;2;181;83;110m▀[38;2;246;141;172m[48;2;181;83;110m▀[38;2;246;141;172m[48;2;181;83;110m▀[38;2;181;83;110m[48;2;237;206;174m▀[38;2;181;83;110m[48;2;181;83;110m▀[38;2;246;141;172m[48;2;181;83;110m▀[38;2;181;83;110m[48;2;181;83;110m▀[38;2;181;83;110m[48;2;237;206;174m▀[38;2;246;141;172m[48;2;181;83;110m▀[38;2;246;141;172m[48;2;181;83;110m▀[38;2;246;141;172m[48;2;181;83;110m▀[38;2;181;83;110m[48;2;237;206;174m▀[38;2;181;83;110m[48;2;181;83;110m▀[38;2;246;141;172m[48;2;181;83;110m▀[38;2;181;83;110m[48;2;181;83;110m▀[38;2;181;83;110m[48;2;237;206;174m▀[38;2;246;141;172m[48;2;181;83;110m▀[38;2;246;141;172m[48;2;181;83;110m▀[38;2;246;141;172m[48;2;181;83;110m▀[38;2;181;83;110m[48;2;237;206;174m▀[38;2;181;83;110m[48;2;181;83;110m▀[38;2;246;141;172m[48;2;181;83;110m▀[38;2;181;83;110m[48;2;181;83;110m▀[38;2;181;83;110m[48;2;237;206;174m▀[38;2;246;141;172m[48;2;181;83;110m▀[38;2;246;141;172m[48;2;181;83;110m▀[38;2;246;141;172m[48;2;181;83;110m▀[38;2;181;83;110m[48;2;237;206;174m▀[38;2;181;83;110m[48;2;181;83;110m▀[38;2;246;141;172m[48;2;181;83;110m▀[38;2;181;83;110m[48;2;181;83;110m▀[38;2;181;83;110m[48;2;237;206;174m▀[38;2;246;141;172m[48;2;181;83;110m▀[38;2;246;141;172m[48;2;181;83;110m▀[38;2;246;141;172m[48;2;181;83;110m▀[38;2;181;83;110m[48;2;237;206;174m▀[38;2;246;141;172m[48;2;181;83;110m▀[38;2;246;141;172m[48;2;246;141;172m▀[38;2;181;83;110m[48;2;246;141;172m▀[38;2;246;141;172m[48;2;246;141;172m▀[38;2;246;141;172m[48;2;181;83;110m▀[0m[38;2;181;83;110m▀[0m [0m
[0m [0m[38;2;181;83;110m▄[38;2;181;83;110m[48;2;246;141;172m▀[38;2;246;141;172m[48;2;246;141;172m▀[38;2;181;83;110m[48;2;246;141;172m▀[38;2;237;206;174m[48;2;181;83;110m▀[38;2;237;206;174m[48;2;237;206;174m▀[38;2;237;206;174m[48;2;237;206;174m▀[38;2;237;206;174m[48;2;237;206;174m▀[38;2;237;206;174m[48;2;237;206;174m▀[38;2;237;206;174m[48;2;237;206;174m▀[38;2;237;206;174m[48;2;237;206;174m▀[38;2;237;206;174m[48;2;237;206;174m▀[38;2;237;206;174m[48;2;237;206;174m▀[38;2;237;206;174m[48;2;237;206;174m▀[38;2;237;206;174m[48;2;237;206;174m▀[38;2;237;206;174m[48;2;237;206;174m▀[38;2;237;206;174m[48;2;237;206;174m▀[38;2;237;206;174m[48;2;237;206;174m▀[38;2;237;206;174m[48;2;237;206;174m▀[38;2;237;206;174m[48;2;237;206;174m▀[38;2;237;206;174m[48;2;237;206;174m▀[38;2;237;206;174m[48;2;237;206;174m▀[38;2;237;206;174m[48;2;237;206;174m▀[38;2;237;206;174m[48;2;237;206;174m▀[38;2;237;206;174m[48;2;237;206;174m▀[38;2;237;206;174m[48;2;237;206;174m▀[38;2;237;206;174m[48;2;237;206;174m▀[38;2;237;206;174m[48;2;237;206;174m▀[38;2;237;206;174m[48;2;237;206;174m▀[38;2;237;206;174m[48;2;237;206;174m▀[38;2;237;206;174m[48;2;237;206;174m▀[38;2;237;206;174m[48;2;237;206;174m▀[38;2;237;206;174m[48;2;237;206;174m▀[38;2;237;206;174m[48;2;237;206;174m▀[38;2;237;206;174m[48;2;237;206;174m▀[38;2;237;206;174m[48;2;237;206;174m▀[38;2;237;206;174m[48;2;237;206;174m▀[38;2;237;206;174m[48;2;237;206;174m▀[38;2;237;206;174m[48;2;237;206;174m▀[38;2;237;206;174m[48;2;237;206;174m▀[38;2;237;206;174m[48;2;237;206;174m▀[38;2;237;206;174m[48;2;237;206;174m▀[38;2;237;206;174m[48;2;237;206;174m▀[38;2;237;206;174m[48;2;237;206;174m▀[38;2;237;206;174m[48;2;237;206;174m▀[38;2;237;206;174m[48;2;237;206;174m▀[38;2;237;206;174m[48;2;237;206;174m▀[38;2;237;206;174m[48;2;237;206;174m▀[38;2;237;206;174m[48;2;237;206;174m▀[38;2;237;206;174m[48;2;237;206;174m▀[38;2;237;206;174m[48;2;181;83;110m▀[38;2;181;83;110m[48;2;246;141;172m▀[38;2;246;141;172m[48;2;246;141;172m▀[38;2;181;83;110m[48;2;246;141;172m▀[0m[38;2;181;83;110m▄[0m [0m [0m
[0m [38;2;181;83;110m[48;2;181;83;110m▀[38;2;246;141;172m[48;2;246;141;172m▀[38;2;181;83;110m[48;2;246;141;172m▀[38;2;246;141;172m[48;2;246;141;172m▀[38;2;181;83;110m[48;2;181;83;110m▀[38;2;237;206;174m[48;2;237;206;174m▀[38;2;237;206;174m[48;2;237;206;174m▀[38;2;237;206;174m[48;2;237;206;174m▀[38;2;237;206;174m[48;2;237;206;174m▀[38;2;237;206;174m[48;2;237;206;174m▀[38;2;237;206;174m[48;2;237;206;174m▀[38;2;237;206;174m[48;2;237;206;174m▀[38;2;237;206;174m[48;2;237;206;174m▀[38;2;237;206;174m[48;2;237;206;174m▀[38;2;237;206;174m[48;2;237;206;174m▀[38;2;237;206;174m[48;2;237;206;174m▀[38;2;237;206;174m[48;2;237;206;174m▀[38;2;237;206;174m[48;2;237;206;174m▀[38;2;237;206;174m[48;2;237;206;174m▀[38;2;237;206;174m[48;2;237;206;174m▀[38;2;237;206;174m[48;2;237;206;174m▀[38;2;237;206;174m[48;2;237;206;174m▀[38;2;237;206;174m[48;2;237;206;174m▀[38;2;237;206;174m[48;2;237;206;174m▀[38;2;237;206;174m[48;2;237;206;174m▀[38;2;237;206;174m[48;2;237;206;174m▀[38;2;237;206;174m[48;2;237;206;174m▀[38;2;237;206;174m[48;2;237;206;174m▀[38;2;237;206;174m[48;2;237;206;174m▀[38;2;237;206;174m[48;2;237;206;174m▀[38;2;237;206;174m[48;2;237;206;174m▀[38;2;237;206;174m[48;2;237;206;174m▀[38;2;237;206;174m[48;2;237;206;174m▀[38;2;237;206;174m[48;2;237;206;174m▀[38;2;237;206;174m[48;2;237;206;174m▀[38;2;237;206;174m[48;2;237;206;174m▀[38;2;237;206;174m[48;2;237;206;174m▀[38;2;237;206;174m[48;2;237;206;174m▀[38;2;237;206;174m[48;2;237;206;174m▀[38;2;237;206;174m[48;2;237;206;174m▀[38;2;237;206;174m[48;2;237;206;174m▀[38;2;237;206;174m[48;2;237;206;174m▀[38;2;237;206;174m[48;2;237;206;174m▀[38;2;237;206;174m[48;2;237;206;174m▀[38;2;237;206;174m[48;2;237;206;174m▀[38;2;237;206;174m[48;2;237;206;174m▀[38;2;237;206;174m[48;2;237;206;174m▀[38;2;237;206;174m[48;2;237;206;174m▀[38;2;237;206;174m[48;2;237;206;174m▀[38;2;237;206;174m[48;2;237;206;174m▀[38;2;181;83;110m[48;2;181;83;110m▀[38;2;246;141;172m[48;2;246;141;172m▀[38;2;181;83;110m[48;2;246;141;172m▀[38;2;246;141;172m[48;2;246;141;172m▀[38;2;181;83;110m[48;2;181;83;110m▀[0m [0m [0m
[0m [0m[38;2;181;83;110m▄[38;2;181;83;110m[48;2;181;83;110m▀[38;2;246;141;172m[48;2;246;141;172m▀[38;2;181;83;110m[48;2;181;83;110m▀[38;2;237;206;174m[48;2;181;83;110m▀[38;2;237;206;174m[48;2;237;206;174m▀[38;2;237;206;174m[48;2;237;206;174m▀[38;2;237;206;174m[48;2;237;206;174m▀[38;2;237;206;174m[48;2;237;206;174m▀[38;2;237;206;174m[48;2;237;206;174m▀[38;2;237;206;174m[48;2;237;206;174m▀[38;2;237;206;174m[48;2;237;206;174m▀[38;2;237;206;174m[48;2;237;206;174m▀[38;2;237;206;174m[48;2;237;206;174m▀[38;2;237;206;174m[48;2;237;206;174m▀[38;2;237;206;174m[48;2;237;206;174m▀[38;2;237;206;174m[48;2;237;206;174m▀[38;2;237;206;174m[48;2;237;206;174m▀[38;2;237;206;174m[48;2;237;206;174m▀[38;2;237;206;174m[48;2;237;206;174m▀[38;2;237;206;174m[48;2;237;206;174m▀[38;2;237;206;174m[48;2;237;206;174m▀[38;2;237;206;174m[48;2;237;206;174m▀[38;2;237;206;174m[48;2;237;206;174m▀[38;2;237;206;174m[48;2;237;206;174m▀[38;2;237;206;174m[48;2;237;206;174m▀[38;2;237;206;174m[48;2;237;206;174m▀[38;2;237;206;174m[48;2;237;206;174m▀[38;2;237;206;174m[48;2;237;206;174m▀[38;2;237;206;174m[48;2;237;206;174m▀[38;2;237;206;174m[48;2;237;206;174m▀[38;2;237;206;174m[48;2;237;206;174m▀[38;2;237;206;174m[48;2;237;206;174m▀[38;2;237;206;174m[48;2;237;206;174m▀[38;2;237;206;174m[48;2;237;206;174m▀[38;2;237;206;174m[48;2;237;206;174m▀[38;2;237;206;174m[48;2;237;206;174m▀[38;2;237;206;174m[48;2;237;206;174m▀[38;2;237;206;174m[48;2;237;206;174m▀[38;2;237;206;174m[48;2;237;206;174m▀[38;2;237;206;174m[48;2;237;206;174m▀[38;2;237;206;174m[48;2;237;206;174m▀[38;2;237;206;174m[48;2;237;206;174m▀[38;2;237;206;174m[48;2;237;206;174m▀[38;2;237;206;174m[48;2;237;206;174m▀[38;2;237;206;174m[48;2;237;206;174m▀[38;2;237;206;174m[48;2;237;206;174m▀[38;2;237;206;174m[48;2;237;206;174m▀[38;2;237;206;174m[48;2;237;206;174m▀[38;2;237;206;174m[48;2;237;206;174m▀[38;2;237;206;174m[48;2;181;83;110m▀[38;2;181;83;110m[48;2;181;83;110m▀[38;2;246;141;172m[48;2;246;141;172m▀[38;2;181;83;110m[48;2;181;83;110m▀[0m[38;2;181;83;110m▄[0m [0m [0m
[0m [38;2;181;83;110m[48;2;181;83;110m▀[38;2;246;141;172m[48;2;181;83;110m▀[38;2;246;141;172m[48;2;246;141;172m▀[38;2;246;141;172m[48;2;181;83;110m▀[38;2;181;83;110m[48;2;181;83;110m▀[38;2;237;206;174m[48;2;237;206;174m▀[38;2;237;206;174m[48;2;237;206;174m▀[38;2;237;206;174m[48;2;237;206;174m▀[38;2;237;206;174m[48;2;237;206;174m▀[38;2;237;206;174m[48;2;237;206;174m▀[38;2;237;206;174m[48;2;237;206;174m▀[38;2;237;206;174m[48;2;237;206;174m▀[38;2;237;206;174m[48;2;237;206;174m▀[38;2;237;206;174m[48;2;237;206;174m▀[38;2;237;206;174m[48;2;237;206;174m▀[38;2;237;206;174m[48;2;237;206;174m▀[38;2;237;206;174m[48;2;237;206;174m▀[38;2;237;206;174m[48;2;237;206;174m▀[38;2;237;206;174m[48;2;237;206;174m▀[38;2;237;206;174m[48;2;237;206;174m▀[38;2;237;206;174m[48;2;237;206;174m▀[38;2;237;206;174m[48;2;237;206;174m▀[38;2;237;206;174m[48;2;237;206;174m▀[38;2;237;206;174m[48;2;237;206;174m▀[38;2;237;206;174m[48;2;237;206;174m▀[38;2;237;206;174m[48;2;237;206;174m▀[38;2;237;206;174m[48;2;237;206;174m▀[38;2;237;206;174m[48;2;237;206;174m▀[38;2;237;206;174m[48;2;237;206;174m▀[38;2;237;206;174m[48;2;237;206;174m▀[38;2;237;206;174m[48;2;237;206;174m▀[38;2;237;206;174m[48;2;237;206;174m▀[38;2;237;206;174m[48;2;237;206;174m▀[38;2;237;206;174m[48;2;237;206;174m▀[38;2;237;206;174m[48;2;237;206;174m▀[38;2;237;206;174m[48;2;237;206;174m▀[38;2;237;206;174m[48;2;237;206;174m▀[38;2;237;206;174m[48;2;237;206;174m▀[38;2;237;206;174m[48;2;237;206;174m▀[38;2;237;206;174m[48;2;237;206;174m▀[38;2;237;206;174m[48;2;237;206;174m▀[38;2;237;206;174m[48;2;237;206;174m▀[38;2;237;206;174m[48;2;237;206;174m▀[38;2;237;206;174m[48;2;237;206;174m▀[38;2;237;206;174m[48;2;237;206;174m▀[38;2;237;206;174m[48;2;237;206;174m▀[38;2;237;206;174m[48;2;237;206;174m▀[38;2;237;206;174m[48;2;237;206;174m▀[38;2;237;206;174m[48;2;237;206;174m▀[38;2;237;206;174m[48;2;237;206;174m▀[38;2;181;83;110m[48;2;181;83;110m▀[38;2;246;141;172m[48;2;181;83;110m▀[38;2;246;141;172m[48;2;246;141;172m▀[38;2;246;141;172m[48;2;181;83;110m▀[38;2;181;83;110m[48;2;181;83;110m▀[0m [0m [0m
[0m [0m[38;2;181;83;110m▄[38;2;181;83;110m[48;2;246;141;172m▀[38;2;246;141;172m[48;2;246;141;172m▀[38;2;181;83;110m[48;2;246;141;172m▀[38;2;237;206;174m[48;2;181;83;110m▀[38;2;237;206;174m[48;2;237;206;174m▀[38;2;237;206;174m[48;2;237;206;174m▀[38;2;237;206;174m[48;2;237;206;174m▀[38;2;237;206;174m[48;2;237;206;174m▀[38;2;237;206;174m[48;2;237;206;174m▀[38;2;237;206;174m[48;2;237;206;174m▀[38;2;237;206;174m[48;2;237;206;174m▀[38;2;237;206;174m[48;2;237;206;174m▀[38;2;237;206;174m[48;2;237;206;174m▀[38;2;237;206;174m[48;2;237;206;174m▀[38;2;237;206;174m[48;2;237;206;174m▀[38;2;237;206;174m[48;2;237;206;174m▀[38;2;237;206;174m[48;2;237;206;174m▀[38;2;237;206;174m[48;2;237;206;174m▀[38;2;237;206;174m[48;2;237;206;174m▀[38;2;237;206;174m[48;2;237;206;174m▀[38;2;237;206;174m[48;2;237;206;174m▀[38;2;237;206;174m[48;2;237;206;174m▀[38;2;237;206;174m[48;2;237;206;174m▀[38;2;237;206;174m[48;2;237;206;174m▀[38;2;237;206;174m[48;2;237;206;174m▀[38;2;237;206;174m[48;2;237;206;174m▀[38;2;237;206;174m[48;2;237;206;174m▀[38;2;237;206;174m[48;2;237;206;174m▀[38;2;237;206;174m[48;2;237;206;174m▀[38;2;237;206;174m[48;2;237;206;174m▀[38;2;237;206;174m[48;2;237;206;174m▀[38;2;237;206;174m[48;2;237;206;174m▀[38;2;237;206;174m[48;2;237;206;174m▀[38;2;237;206;174m[48;2;237;206;174m▀[38;2;237;206;174m[48;2;237;206;174m▀[38;2;237;206;174m[48;2;237;206;174m▀[38;2;237;206;174m[48;2;237;206;174m▀[38;2;237;206;174m[48;2;237;206;174m▀[38;2;237;206;174m[48;2;237;206;174m▀[38;2;237;206;174m[48;2;237;206;174m▀[38;2;237;206;174m[48;2;237;206;174m▀[38;2;237;206;174m[48;2;237;206;174m▀[38;2;237;206;174m[48;2;237;206;174m▀[38;2;237;206;174m[48;2;237;206;174m▀[38;2;237;206;174m[48;2;237;206;174m▀[38;2;237;206;174m[48;2;237;206;174m▀[38;2;237;206;174m[48;2;237;206;174m▀[38;2;237;206;174m[48;2;237;206;174m▀[38;2;237;206;174m[48;2;237;206;174m▀[38;2;237;206;174m[48;2;181;83;110m▀[38;2;181;83;110m[48;2;246;141;172m▀[38;2;246;141;172m[48;2;246;141;172m▀[38;2;181;83;110m[48;2;246;141;172m▀[0m[38;2;181;83;110m▄[0m [0m [0m
[0m [38;2;181;83;110m[48;2;181;83;110m▀[38;2;246;141;172m[48;2;246;141;172m▀[38;2;181;83;110m[48;2;246;141;172m▀[38;2;246;141;172m[48;2;246;141;172m▀[38;2;181;83;110m[48;2;181;83;110m▀[38;2;237;206;174m[48;2;237;206;174m▀[38;2;237;206;174m[48;2;237;206;174m▀[38;2;237;206;174m[48;2;237;206;174m▀[38;2;237;206;174m[48;2;237;206;174m▀[38;2;237;206;174m[48;2;237;206;174m▀[38;2;237;206;174m[48;2;237;206;174m▀[38;2;237;206;174m[48;2;237;206;174m▀[38;2;237;206;174m[48;2;237;206;174m▀[38;2;237;206;174m[48;2;237;206;174m▀[38;2;237;206;174m[48;2;237;206;174m▀[38;2;237;206;174m[48;2;237;206;174m▀[38;2;237;206;174m[48;2;237;206;174m▀[38;2;237;206;174m[48;2;237;206;174m▀[38;2;237;206;174m[48;2;237;206;174m▀[38;2;237;206;174m[48;2;237;206;174m▀[38;2;237;206;174m[48;2;237;206;174m▀[38;2;237;206;174m[48;2;237;206;174m▀[38;2;237;206;174m[48;2;237;206;174m▀[38;2;237;206;174m[48;2;237;206;174m▀[38;2;237;206;174m[48;2;237;206;174m▀[38;2;237;206;174m[48;2;237;206;174m▀[38;2;237;206;174m[48;2;237;206;174m▀[38;2;237;206;174m[48;2;237;206;174m▀[38;2;237;206;174m[48;2;237;206;174m▀[38;2;237;206;174m[48;2;237;206;174m▀[38;2;237;206;174m[48;2;237;206;174m▀[38;2;237;206;174m[48;2;237;206;174m▀[38;2;237;206;174m[48;2;237;206;174m▀[38;2;237;206;174m[48;2;237;206;174m▀[38;2;237;206;174m[48;2;237;206;174m▀[38;2;237;206;174m[48;2;237;206;174m▀[38;2;237;206;174m[48;2;237;206;174m▀[38;2;237;206;174m[48;2;237;206;174m▀[38;2;237;206;174m[48;2;237;206;174m▀[38;2;237;206;174m[48;2;237;206;174m▀[38;2;237;206;174m[48;2;237;206;174m▀[38;2;237;206;174m[48;2;237;206;174m▀[38;2;237;206;174m[48;2;237;206;174m▀[38;2;237;206;174m[48;2;237;206;174m▀[38;2;237;206;174m[48;2;237;206;174m▀[38;2;237;206;174m[48;2;237;206;174m▀[38;2;237;206;174m[48;2;237;206;174m▀[38;2;237;206;174m[48;2;237;206;174m▀[38;2;237;206;174m[48;2;237;206;174m▀[38;2;237;206;174m[48;2;237;206;174m▀[38;2;181;83;110m[48;2;181;83;110m▀[38;2;246;141;172m[48;2;246;141;172m▀[38;2;181;83;110m[48;2;246;141;172m▀[38;2;246;141;172m[48;2;246;141;172m▀[38;2;181;83;110m[48;2;181;83;110m▀[0m [0m [0m
[0m [0m[38;2;181;83;110m▄[38;2;181;83;110m[48;2;181;83;110m▀[38;2;246;141;172m[48;2;246;141;172m▀[38;2;181;83;110m[48;2;181;83;110m▀[38;2;237;206;174m[48;2;181;83;110m▀[38;2;237;206;174m[48;2;237;206;174m▀[38;2;237;206;174m[48;2;237;206;174m▀[38;2;237;206;174m[48;2;237;206;174m▀[38;2;237;206;174m[48;2;237;206;174m▀[38;2;237;206;174m[48;2;237;206;174m▀[38;2;237;206;174m[48;2;237;206;174m▀[38;2;237;206;174m[48;2;237;206;174m▀[38;2;237;206;174m[48;2;237;206;174m▀[38;2;237;206;174m[48;2;237;206;174m▀[38;2;237;206;174m[48;2;237;206;174m▀[38;2;237;206;174m[48;2;237;206;174m▀[38;2;237;206;174m[48;2;237;206;174m▀[38;2;237;206;174m[48;2;237;206;174m▀[38;2;237;206;174m[48;2;237;206;174m▀[38;2;237;206;174m[48;2;237;206;174m▀[38;2;237;206;174m[48;2;237;206;174m▀[38;2;237;206;174m[48;2;237;206;174m▀[38;2;237;206;174m[48;2;237;206;174m▀[38;2;237;206;174m[48;2;237;206;174m▀[38;2;237;206;174m[48;2;237;206;174m▀[38;2;237;206;174m[48;2;237;206;174m▀[38;2;237;206;174m[48;2;237;206;174m▀[38;2;237;206;174m[48;2;237;206;174m▀[38;2;237;206;174m[48;2;237;206;174m▀[38;2;237;206;174m[48;2;237;206;174m▀[38;2;237;206;174m[48;2;237;206;174m▀[38;2;237;206;174m[48;2;237;206;174m▀[38;2;237;206;174m[48;2;237;206;174m▀[38;2;237;206;174m[48;2;237;206;174m▀[38;2;237;206;174m[48;2;237;206;174m▀[38;2;237;206;174m[48;2;237;206;174m▀[38;2;237;206;174m[48;2;237;206;174m▀[38;2;237;206;174m[48;2;237;206;174m▀[38;2;237;206;174m[48;2;237;206;174m▀[38;2;237;206;174m[48;2;237;206;174m▀[38;2;237;206;174m[48;2;237;206;174m▀[38;2;237;206;174m[48;2;237;206;174m▀[38;2;237;206;174m[48;2;237;206;174m▀[38;2;237;206;174m[48;2;237;206;174m▀[38;2;237;206;174m[48;2;237;206;174m▀[38;2;237;206;174m[48;2;237;206;174m▀[38;2;237;206;174m[48;2;237;206;174m▀[38;2;237;206;174m[48;2;237;206;174m▀[38;2;237;206;174m[48;2;237;206;174m▀[38;2;237;206;174m[48;2;237;206;174m▀[38;2;237;206;174m[48;2;181;83;110m▀[38;2;181;83;110m[48;2;181;83;110m▀[38;2;246;141;172m[48;2;246;141;172m▀[38;2;181;83;110m[48;2;181;83;110m▀[0m[38;2;181;83;110m▄[0m [0m [0m
[0m [38;2;181;83;110m[48;2;181;83;110m▀[38;2;246;141;172m[48;2;181;83;110m▀[38;2;246;141;172m[48;2;246;141;172m▀[38;2;246;141;172m[48;2;181;83;110m▀[38;2;181;83;110m[48;2;181;83;110m▀[38;2;237;206;174m[48;2;237;206;174m▀[38;2;237;206;174m[48;2;237;206;174m▀[38;2;237;206;174m[48;2;237;206;174m▀[38;2;237;206;174m[48;2;237;206;174m▀[38;2;237;206;174m[48;2;237;206;174m▀[38;2;237;206;174m[48;2;237;206;174m▀[38;2;237;206;174m[48;2;237;206;174m▀[38;2;237;206;174m[48;2;237;206;174m▀[38;2;237;206;174m[48;2;237;206;174m▀[38;2;237;206;174m[48;2;237;206;174m▀[38;2;237;206;174m[48;2;237;206;174m▀[38;2;237;206;174m[48;2;237;206;174m▀[38;2;237;206;174m[48;2;237;206;174m▀[38;2;237;206;174m[48;2;237;206;174m▀[38;2;237;206;174m[48;2;237;206;174m▀[38;2;237;206;174m[48;2;237;206;174m▀[38;2;237;206;174m[48;2;237;206;174m▀[38;2;237;206;174m[48;2;237;206;174m▀[38;2;237;206;174m[48;2;237;206;174m▀[38;2;237;206;174m[48;2;237;206;174m▀[38;2;237;206;174m[48;2;237;206;174m▀[38;2;237;206;174m[48;2;237;206;174m▀[38;2;237;206;174m[48;2;237;206;174m▀[38;2;237;206;174m[48;2;237;206;174m▀[38;2;237;206;174m[48;2;237;206;174m▀[38;2;237;206;174m[48;2;237;206;174m▀[38;2;237;206;174m[48;2;237;206;174m▀[38;2;237;206;174m[48;2;237;206;174m▀[38;2;237;206;174m[48;2;237;206;174m▀[38;2;237;206;174m[48;2;237;206;174m▀[38;2;237;206;174m[48;2;237;206;174m▀[38;2;237;206;174m[48;2;237;206;174m▀[38;2;237;206;174m[48;2;237;206;174m▀[38;2;237;206;174m[48;2;237;206;174m▀[38;2;237;206;174m[48;2;237;206;174m▀[38;2;237;206;174m[48;2;237;206;174m▀[38;2;237;206;174m[48;2;237;206;174m▀[38;2;237;206;174m[48;2;237;206;174m▀[38;2;237;206;174m[48;2;237;206;174m▀[38;2;237;206;174m[48;2;237;206;174m▀[38;2;237;206;174m[48;2;237;206;174m▀[38;2;237;206;174m[48;2;237;206;174m▀[38;2;237;206;174m[48;2;237;206;174m▀[38;2;237;206;174m[48;2;237;206;174m▀[38;2;237;206;174m[48;2;237;206;174m▀[38;2;181;83;110m[48;2;181;83;110m▀[38;2;246;141;172m[48;2;181;83;110m▀[38;2;246;141;172m[48;2;246;141;172m▀[38;2;246;141;172m[48;2;181;83;110m▀[38;2;181;83;110m[48;2;181;83;110m▀[0m [0m [0m
[0m [0m[38;2;181;83;110m▄[38;2;181;83;110m[48;2;246;141;172m▀[38;2;246;141;172m[48;2;246;141;172m▀[38;2;181;83;110m[48;2;246;141;172m▀[38;2;237;206;174m[48;2;181;83;110m▀[38;2;237;206;174m[48;2;237;206;174m▀[38;2;237;206;174m[48;2;237;206;174m▀[38;2;237;206;174m[48;2;237;206;174m▀[38;2;237;206;174m[48;2;237;206;174m▀[38;2;237;206;174m[48;2;237;206;174m▀[38;2;237;206;174m[48;2;237;206;174m▀[38;2;237;206;174m[48;2;237;206;174m▀[38;2;237;206;174m[48;2;237;206;174m▀[38;2;237;206;174m[48;2;237;206;174m▀[38;2;237;206;174m[48;2;237;206;174m▀[38;2;237;206;174m[48;2;237;206;174m▀[38;2;237;206;174m[48;2;237;206;174m▀[38;2;237;206;174m[48;2;237;206;174m▀[38;2;237;206;174m[48;2;237;206;174m▀[38;2;237;206;174m[48;2;237;206;174m▀[38;2;237;206;174m[48;2;237;206;174m▀[38;2;237;206;174m[48;2;237;206;174m▀[38;2;237;206;174m[48;2;237;206;174m▀[38;2;237;206;174m[48;2;237;206;174m▀[38;2;237;206;174m[48;2;237;206;174m▀[38;2;237;206;174m[48;2;237;206;174m▀[38;2;237;206;174m[48;2;237;206;174m▀[38;2;237;206;174m[48;2;237;206;174m▀[38;2;237;206;174m[48;2;237;206;174m▀[38;2;237;206;174m[48;2;237;206;174m▀[38;2;237;206;174m[48;2;237;206;174m▀[38;2;237;206;174m[48;2;237;206;174m▀[38;2;237;206;174m[48;2;237;206;174m▀[38;2;237;206;174m[48;2;237;206;174m▀[38;2;237;206;174m[48;2;237;206;174m▀[38;2;237;206;174m[48;2;237;206;174m▀[38;2;237;206;174m[48;2;237;206;174m▀[38;2;237;206;174m[48;2;237;206;174m▀[38;2;237;206;174m[48;2;237;206;174m▀[38;2;237;206;174m[48;2;237;206;174m▀[38;2;237;206;174m[48;2;237;206;174m▀[38;2;237;206;174m[48;2;237;206;174m▀[38;2;237;206;174m[48;2;237;206;174m▀[38;2;237;206;174m[48;2;237;206;174m▀[38;2;237;206;174m[48;2;237;206;174m▀[38;2;237;206;174m[48;2;237;206;174m▀[38;2;237;206;174m[48;2;237;206;174m▀[38;2;237;206;174m[48;2;237;206;174m▀[38;2;237;206;174m[48;2;237;206;174m▀[38;2;237;206;174m[48;2;237;206;174m▀[38;2;237;206;174m[48;2;181;83;110m▀[38;2;181;83;110m[48;2;246;141;172m▀[38;2;246;141;172m[48;2;246;141;172m▀[38;2;181;83;110m[48;2;246;141;172m▀[0m[38;2;181;83;110m▄[0m [0m [0m
[0m [38;2;181;83;110m[48;2;181;83;110m▀[38;2;246;141;172m[48;2;246;141;172m▀[38;2;181;83;110m[48;2;246;141;172m▀[38;2;246;141;172m[48;2;246;141;172m▀[38;2;181;83;110m[48;2;181;83;110m▀[38;2;237;206;174m[48;2;237;206;174m▀[38;2;237;206;174m[48;2;237;206;174m▀[38;2;237;206;174m[48;2;237;206;174m▀[38;2;237;206;174m[48;2;237;206;174m▀[38;2;237;206;174m[48;2;237;206;174m▀[38;2;237;206;174m[48;2;237;206;174m▀[38;2;237;206;174m[48;2;237;206;174m▀[38;2;237;206;174m[48;2;237;206;174m▀[38;2;237;206;174m[48;2;237;206;174m▀[38;2;237;206;174m[48;2;237;206;174m▀[38;2;237;206;174m[48;2;237;206;174m▀[38;2;237;206;174m[48;2;237;206;174m▀[38;2;237;206;174m[48;2;237;206;174m▀[38;2;237;206;174m[48;2;237;206;174m▀[38;2;237;206;174m[48;2;237;206;174m▀[38;2;237;206;174m[48;2;237;206;174m▀[38;2;237;206;174m[48;2;237;206;174m▀[38;2;237;206;174m[48;2;237;206;174m▀[38;2;237;206;174m[48;2;237;206;174m▀[38;2;237;206;174m[48;2;237;206;174m▀[38;2;237;206;174m[48;2;237;206;174m▀[38;2;237;206;174m[48;2;237;206;174m▀[38;2;237;206;174m[48;2;237;206;174m▀[38;2;237;206;174m[48;2;237;206;174m▀[38;2;237;206;174m[48;2;237;206;174m▀[38;2;237;206;174m[48;2;237;206;174m▀[38;2;237;206;174m[48;2;237;206;174m▀[38;2;237;206;174m[48;2;237;206;174m▀[38;2;237;206;174m[48;2;237;206;174m▀[38;2;237;206;174m[48;2;237;206;174m▀[38;2;237;206;174m[48;2;237;206;174m▀[38;2;237;206;174m[48;2;237;206;174m▀[38;2;237;206;174m[48;2;237;206;174m▀[38;2;237;206;174m[48;2;237;206;174m▀[38;2;237;206;174m[48;2;237;206;174m▀[38;2;237;206;174m[48;2;237;206;174m▀[38;2;237;206;174m[48;2;237;206;174m▀[38;2;237;206;174m[48;2;237;206;174m▀[38;2;237;206;174m[48;2;237;206;174m▀[38;2;237;206;174m[48;2;237;206;174m▀[38;2;237;206;174m[48;2;237;206;174m▀[38;2;237;206;174m[48;2;237;206;174m▀[38;2;237;206;174m[48;2;237;206;174m▀[38;2;237;206;174m[48;2;237;206;174m▀[38;2;237;206;174m[48;2;237;206;174m▀[38;2;181;83;110m[48;2;181;83;110m▀[38;2;246;141;172m[48;2;246;141;172m▀[38;2;181;83;110m[48;2;246;141;172m▀[38;2;246;141;172m[48;2;246;141;172m▀[38;2;181;83;110m[48;2;181;83;110m▀[0m [0m [0m
[0m [0m[38;2;181;83;110m▄[38;2;181;83;110m[48;2;246;141;172m▀[38;2;246;141;172m[48;2;246;141;172m▀[38;2;181;83;110m[48;2;246;141;172m▀[38;2;237;206;174m[48;2;181;83;110m▀[38;2;237;206;174m[48;2;237;206;174m▀[38;2;237;206;174m[48;2;181;83;110m▀[38;2;237;206;174m[48;2;181;83;110m▀[38;2;237;206;174m[48;2;181;83;110m▀[38;2;237;206;174m[48;2;237;206;174m▀[38;2;237;206;174m[48;2;181;83;110m▀[38;2;237;206;174m[48;2;181;83;110m▀[38;2;237;206;174m[48;2;181;83;110m▀[38;2;237;206;174m[48;2;237;206;174m▀[38;2;237;206;174m[48;2;181;83;110m▀[38;2;237;206;174m[48;2;181;83;110m▀[38;2;237;206;174m[48;2;181;83;110m▀[38;2;237;206;174m[48;2;237;206;174m▀[38;2;237;206;174m[48;2;181;83;110m▀[38;2;237;206;174m[48;2;181;83;110m▀[38;2;237;206;174m[48;2;181;83;110m▀[38;2;237;206;174m[48;2;237;206;174m▀[38;2;237;206;174m[48;2;181;83;110m▀[38;2;237;206;174m[48;2;181;83;110m▀[38;2;237;206;174m[48;2;181;83;110m▀[38;2;237;206;174m[48;2;237;206;174m▀[38;2;237;206;174m[48;2;181;83;110m▀[38;2;237;206;174m[48;2;181;83;110m▀[38;2;237;206;174m[48;2;181;83;110m▀[38;2;237;206;174m[48;2;237;206;174m▀[38;2;237;206;174m[48;2;181;83;110m▀[38;2;237;206;174m[48;2;181;83;110m▀[38;2;237;206;174m[48;2;181;83;110m▀[38;2;237;206;174m[48;2;237;206;174m▀[38;2;237;206;174m[48;2;181;83;110m▀[38;2;237;206;174m[48;2;181;83;110m▀[38;2;237;206;174m[48;2;181;83;110m▀[38;2;237;206;174m[48;2;237;206;174m▀[38;2;237;206;174m[48;2;181;83;110m▀[38;2;237;206;174m[48;2;181;83;110m▀[38;2;237;206;174m[48;2;181;83;110m▀[38;2;237;206;174m[48;2;237;206;174m▀[38;2;237;206;174m[48;2;181;83;110m▀[38;2;237;206;174m[48;2;181;83;110m▀[38;2;237;206;174m[48;2;181;83;110m▀[38;2;237;206;174m[48;2;237;206;174m▀[38;2;237;206;174m[48;2;181;83;110m▀[38;2;237;206;174m[48;2;181;83;110m▀[38;2;237;206;174m[48;2;181;83;110m▀[38;2;237;206;174m[48;2;237;206;174m▀[38;2;237;206;174m[48;2;181;83;110m▀[38;2;181;83;110m[48;2;246;141;172m▀[38;2;246;141;172m[48;2;246;141;172m▀[38;2;181;83;110m[48;2;246;141;172m▀[0m[38;2;181;83;110m▄[0m [0m [0m
[38;2;181;83;110m[48;2;181;83;110m▀[38;2;246;141;172m[48;2;246;141;172m▀[38;2;246;141;172m[48;2;181;83;110m▀[38;2;181;83;110m[48;2;181;83;110m▀[38;2;246;141;172m[48;2;181;83;110m▀[38;2;246;141;172m[48;2;246;141;172m▀[38;2;181;83;110m[48;2;246;141;172m▀[38;2;246;141;172m[48;2;246;141;172m▀[38;2;246;141;172m[48;2;181;83;110m▀[38;2;246;141;172m[48;2;246;141;172m▀[38;2;181;83;110m[48;2;246;141;172m▀[38;2;181;83;110m[48;2;246;141;172m▀[38;2;246;141;172m[48;2;246;141;172m▀[38;2;181;83;110m[48;2;246;141;172m▀[38;2;181;83;110m[48;2;246;141;172m▀[38;2;246;141;172m[48;2;246;141;172m▀[38;2;246;141;172m[48;2;181;83;110m▀[38;2;246;141;172m[48;2;246;141;172m▀[38;2;181;83;110m[48;2;246;141;172m▀[38;2;181;83;110m[48;2;246;141;172m▀[38;2;246;141;172m[48;2;246;141;172m▀[38;2;181;83;110m[48;2;246;141;172m▀[38;2;181;83;110m[48;2;246;141;172m▀[38;2;246;141;172m[48;2;246;141;172m▀[38;2;246;141;172m[48;2;181;83;110m▀[38;2;246;141;172m[48;2;246;141;172m▀[38;2;181;83;110m[48;2;246;141;172m▀[38;2;181;83;110m[48;2;246;141;172m▀[38;2;246;141;172m[48;2;246;141;172m▀[38;2;181;83;110m[48;2;246;141;172m▀[38;2;181;83;110m[48;2;246;141;172m▀[38;2;246;141;172m[48;2;246;141;172m▀[38;2;246;141;172m[48;2;181;83;110m▀[38;2;246;141;172m[48;2;246;141;172m▀[38;2;181;83;110m[48;2;246;141;172m▀[38;2;181;83;110m[48;2;246;141;172m▀[38;2;246;141;172m[48;2;246;141;172m▀[38;2;181;83;110m[48;2;246;141;172m▀[38;2;181;83;110m[48;2;246;141;172m▀[38;2;246;141;172m[48;2;246;141;172m▀[38;2;246;141;172m[48;2;181;83;110m▀[38;2;246;141;172m[48;2;246;141;172m▀[38;2;181;83;110m[48;2;246;141;172m▀[38;2;181;83;110m[48;2;246;141;172m▀[38;2;246;141;172m[48;2;246;141;172m▀[38;2;181;83;110m[48;2;246;141;172m▀[38;2;181;83;110m[48;2;246;141;172m▀[38;2;246;141;172m[48;2;246;141;172m▀[38;2;246;141;172m[48;2;181;83;110m▀[38;2;246;141;172m[48;2;246;141;172m▀[38;2;181;83;110m[48;2;246;141;172m▀[38;2;246;141;172m[48;2;246;141;172m▀[38;2;246;141;172m[48;2;181;83;110m▀[38;2;181;83;110m[48;2;181;83;110m▀[38;2;246;141;172m[48;2;181;83;110m▀[38;2;246;141;172m[48;2;246;141;172m▀[38;2;181;83;110m[48;2;181;83;110m▀[0m [0m
[0m[38;2;181;83;110m▀[38;2;246;141;172m[48;2;181;83;110m▀[38;2;246;141;172m[48;2;246;141;172m▀[38;2;181;83;110m[48;2;246;141;172m▀[38;2;246;141;172m[48;2;246;141;172m▀[38;2;246;141;172m[48;2;181;83;110m▀[0m[38;2;181;83;110m▀[38;2;246;141;172m[48;2;181;83;110m▀[38;2;246;141;172m[48;2;181;83;110m▀[38;2;246;141;172m[48;2;181;83;110m▀[0m[38;2;181;83;110m▀[38;2;181;83;110m[48;2;181;83;110m▀[38;2;246;141;172m[48;2;181;83;110m▀[38;2;181;83;110m[48;2;181;83;110m▀[0m[38;2;181;83;110m▀[38;2;246;141;172m[48;2;181;83;110m▀[38;2;246;141;172m[48;2;181;83;110m▀[38;2;246;141;172m[48;2;181;83;110m▀[0m[38;2;181;83;110m▀[38;2;181;83;110m[48;2;181;83;110m▀[38;2;246;141;172m[48;2;181;83;110m▀[38;2;181;83;110m[48;2;181;83;110m▀[0m[38;2;181;83;110m▀[38;2;246;141;172m[48;2;181;83;110m▀[38;2;246;141;172m[48;2;181;83;110m▀[38;2;246;141;172m[48;2;181;83;110m▀[0m[38;2;181;83;110m▀[38;2;181;83;110m[48;2;181;83;110m▀[38;2;246;141;172m[48;2;181;83;110m▀[38;2;181;83;110m[48;2;181;83;110m▀[0m[38;2;181;83;110m▀[38;2;246;141;172m[48;2;181;83;110m▀[38;2;246;141;172m[48;2;181;83;110m▀[38;2;246;141;172m[48;2;181;83;110m▀[0m[38;2;181;83;110m▀[38;2;181;83;110m[48;2;181;83;110m▀[38;2;246;141;172m[48;2;181;83;110m▀[38;2;181;83;110m[48;2;181;83;110m▀[0m[38;2;181;83;110m▀[38;2;246;141;172m[48;2;181;83;110m▀[38;2;246;141;172m[48;2;181;83;110m▀[38;2;246;141;172m[48;2;181;83;110m▀[0m[38;2;181;83;110m▀[38;2;181;83;110m[48;2;181;83;110m▀[38;2;246;141;172m[48;2;181;83;110m▀[38;2;181;83;110m[48;2;181;83;110m▀[0m[38;2;181;83;110m▀[38;2;246;141;172m[48;2;181;83;110m▀[38;2;246;141;172m[48;2;181;83;110m▀[38;2;246;141;172m[48;2;181;83;110m▀[0m[38;2;181;83;110m▀[38;2;246;141;172m[48;2;181;83;110m▀[38;2;246;141;172m[48;2;246;141;172m▀[38;2;181;83;110m[48;2;246;141;172m▀[38;2;246;141;172m[48;2;246;141;172m▀[38;2;246;141;172m[48;2;181;83;110m▀[0m[38;2;181;83;110m▀[0m [0m
[0m [0m [0m[38;2;181;83;110m▀[0m[38;2;181;83;110m▀[0m[38;2;181;83;110m▀[0m [0m [0m [0m [0m [0m [0m [0m [0m [0m [0m [0m [0m [0m [0m [0m [0m [0m [0m [0m [0m [0m [0m [0m [0m [0m [0m [0m [0m [0m [0m [0m [0m [0m [0m [0m [0m [0m [0m [0m [0m [0m [0m [0m [0m [0m [0m [0m[38;2;181;83;110m▀[0m[38;2;181;83;110m▀[0m[38;2;181;83;110m▀[0m [0m [0m [0m
