[0m [0m [0m [0m [0m [0m [0m [0m [0m [0m [0m [0m [0m [0m [0m [0m [0m [0m [0m [0m [0m [0m [0m [0m [0m [0m [0m [0m [0m [0m [0m [0m [0m [0m [0m [0m [0m [0m [0m [0m [0m [0m [0m [0m [0m [0m [0m [0m [0m [0m [0m [0m [0m [0m [0m [0m [0m [0m [0m [0m [0m [0m [0m [0m [0m [0m [0m
[0m [0m [0m [0m[38;2;252;236;209m▄[38;2;252;236;209m[48;2;252;236;209m▀[38;2;252;236;209m[48;2;252;236;209m▀[38;2;252;236;209m[48;2;252;236;209m▀[38;2;252;236;209m[48;2;235;219;178m▀[38;2;235;219;178m[48;2;252;236;209m▀[38;2;252;236;209m[48;2;252;236;209m▀[38;2;252;236;209m[48;2;252;236;209m▀[38;2;252;236;209m[48;2;252;236;209m▀[38;2;252;236;209m[48;2;252;236;209m▀[38;2;252;236;209m[48;2;235;219;178m▀[38;2;235;219;178m[48;2;252;236;209m▀[38;2;252;236;209m[48;2;252;236;209m▀[38;2;252;236;209m[48;2;252;236;209m▀[38;2;252;236;209m[48;2;252;236;209m▀[38;2;252;236;209m[48;2;252;236;209m▀[38;2;252;236;209m[48;2;252;236;209m▀[38;2;252;236;209m[48;2;235;219;178m▀[38;2;235;219;178m[48;2;252;236;209m▀[38;2;252;236;209m[48;2;252;236;209m▀[38;2;252;236;209m[48;2;252;236;209m▀[38;2;252;236;209m[48;2;252;236;209m▀[38;2;252;236;209m[48;2;252;236;209m▀[38;2;252;236;209m[48;2;252;236;209m▀[38;2;252;236;209m[48;2;235;219;178m▀[38;2;235;219;178m[48;2;252;236;209m▀[38;2;252;236;209m[48;2;252;236;209m▀[38;2;252;236;209m[48;2;252;236;209m▀[38;2;252;236;209m[48;2;252;236;209m▀[38;2;252;236;209m[48;2;252;236;209m▀[38;2;252;236;209m[48;2;252;236;209m▀[38;2;252;236;209m[48;2;235;219;178m▀[38;2;235;219;178m[48;2;252;236;209m▀[38;2;252;236;209m[48;2;252;236;209m▀[38;2;252;236;209m[48;2;252;236;209m▀[38;2;252;236;209m[48;2;252;236;209m▀[38;2;252;236;209m[48;2;252;236;209m▀[38;2;252;236;209m[48;2;252;236;209m▀[38;2;252;236;209m[48;2;252;236;209m▀[38;2;252;236;209m[48;2;235;219;178m▀[38;2;235;219;178m[48;2;252;236;209m▀[38;2;252;236;209m[48;2;252;236;209m▀[38;2;252;236;209m[48;2;252;236;209m▀[38;2;252;236;209m[48;2;252;236;209m▀[38;2;252;236;209m[48;2;252;236;209m▀[38;2;252;236;209m[48;2;252;236;209m▀[38;2;252;236;209m[48;2;235;219;178m▀[38;2;235;219;178m[48;2;252;236;209m▀[38;2;252;236;209m[48;2;252;236;209m▀[38;2;252;236;209m[48;2;252;236;209m▀[38;2;252;236;209m[48;2;252;236;209m▀[38;2;252;236;209m[48;2;252;236;209m▀[38;2;252;236;209m[48;2;235;219;178m▀[38;2;235;219;178m[48;2;252;236;209m▀[38;2;252;236;209m[48;2;252;236;209m▀[38;2;252;236;209m[48;2;252;236;209m▀[38;2;252;236;209m[48;2;252;236;209m▀[38;2;252;236;209m[48;2;252;236;209m▀[38;2;252;236;209m[48;2;252;236;209m▀[0m[38;2;252;236;209m▄[0m [0m [0m [0m
[0m [0m[38;2;252;236;209m▄[38;2;252;236;209m[48;2;252;236;209m▀[38;2;235;219;178m[48;2;252;236;209m▀[38;2;252;236;209m[48;2;237;206;174m▀[38;2;237;206;174m[48;2;237;206;174m▀[38;2;237;206;174m[48;2;237;206;174m▀[38;2;235;219;178m[48;2;235;219;178m▀[38;2;235;219;178m[48;2;235;219;178m▀[38;2;235;219;178m[48;2;235;219;178m▀[38;2;235;219;178m[48;2;235;219;178m▀[38;2;237;206;174m[48;2;237;206;174m▀[38;2;237;206;174m[48;2;237;206;174m▀[38;2;237;206;174m[48;2;237;206;174m▀[38;2;237;206;174m[48;2;237;206;174m▀[38;2;235;219;178m[48;2;235;219;178m▀[38;2;235;219;178m[48;2;235;219;178m▀[38;2;235;219;178m[48;2;235;219;178m▀[38;2;235;219;178m[48;2;235;219;178m▀[38;2;237;206;174m[48;2;237;206;174m▀[38;2;237;206;174m[48;2;237;206;174m▀[38;2;237;206;174m[48;2;237;206;174m▀[38;2;237;206;174m[48;2;237;206;174m▀[38;2;235;219;178m[48;2;235;219;178m▀[38;2;235;219;178m[48;2;235;219;178m▀[38;2;235;219;178m[48;2;235;219;178m▀[38;2;235;219;178m[48;2;235;219;178m▀[38;2;237;206;174m[48;2;237;206;174m▀[38;2;237;206;174m[48;2;237;206;174m▀[38;2;237;206;174m[48;2;237;206;174m▀[38;2;237;206;174m[48;2;237;206;174m▀[38;2;235;219;178m[48;2;235;219;178m▀[38;2;235;219;178m[48;2;235;219;178m▀[38;2;235;219;178m[48;2;235;219;178m▀[38;2;235;219;178m[48;2;235;219;178m▀[38;2;237;206;174m[48;2;237;206;174m▀[38;2;237;206;174m[48;2;237;206;174m▀[38;2;237;206;174m[48;2;237;206;174m▀[38;2;237;206;174m[48;2;237;206;174m▀[38;2;235;219;178m[48;2;235;219;178m▀[38;2;235;219;178m[48;2;235;219;178m▀[38;2;235;219;178m[48;2;235;219;178m▀[38;2;235;219;178m[48;2;235;219;178m▀[38;2;237;206;174m[48;2;237;206;174m▀[38;2;237;206;174m[48;2;237;206;174m▀[38;2;237;206;174m[48;2;237;206;174m▀[38;2;237;206;174m[48;2;237;206;174m▀[38;2;235;219;178m[48;2;235;219;178m▀[38;2;235;219;178m[48;2;235;219;178m▀[38;2;235;219;178m[48;2;235;219;178m▀[38;2;235;219;178m[48;2;235;219;178m▀[38;2;237;206;174m[48;2;237;206;174m▀[38;2;237;206;174m[48;2;237;206;174m▀[38;2;237;206;174m[48;2;237;206;174m▀[38;2;237;206;174m[48;2;237;206;174m▀[38;2;235;219;178m[48;2;235;219;178m▀[38;2;235;219;178m[48;2;235;219;178m▀[38;2;235;219;178m[48;2;235;219;178m▀[38;2;235;219;178m[48;2;235;219;178m▀[38;2;237;206;174m[48;2;237;206;174m▀[38;2;237;206;174m[48;2;237;206;174m▀[38;2;252;236;209m[48;2;237;206;174m▀[38;2;235;219;178m[48;2;252;236;209m▀[38;2;252;236;209m[48;2;252;236;209m▀[0m[38;2;252;236;209m▄[0m [0m
[0m [38;2;252;236;209m[48;2;252;236;209m▀[38;2;252;236;209m[48;2;235;219;178m▀[38;2;237;206;174m[48;2;237;206;174m▀[38;2;237;206;174m[48;2;237;206;174m▀[38;2;237;206;174m[48;2;237;206;174m▀[38;2;237;206;174m[48;2;237;206;174m▀[38;2;235;219;178m[48;2;235;219;178m▀[38;2;235;219;178m[48;2;235;219;178m▀[38;2;235;219;178m[48;2;235;219;178m▀[38;2;235;219;178m[48;2;235;219;178m▀[38;2;237;206;174m[48;2;237;206;174m▀[38;2;237;206;174m[48;2;237;206;174m▀[38;2;237;206;174m[48;2;237;206;174m▀[38;2;237;206;174m[48;2;237;206;174m▀[38;2;235;219;178m[48;2;235;219;178m▀[38;2;235;219;178m[48;2;235;219;178m▀[38;2;235;219;178m[48;2;235;219;178m▀[38;2;235;219;178m[48;2;235;219;178m▀[38;2;237;206;174m[48;2;237;206;174m▀[38;2;237;206;174m[48;2;237;206;174m▀[38;2;237;206;174m[48;2;237;206;174m▀[38;2;237;206;174m[48;2;237;206;174m▀[38;2;235;219;178m[48;2;235;219;178m▀[38;2;235;219;178m[48;2;235;219;178m▀[38;2;235;219;178m[48;2;235;219;178m▀[38;2;235;219;178m[48;2;235;219;178m▀[38;2;237;206;174m[48;2;237;206;174m▀[38;2;237;206;174m[48;2;237;206;174m▀[38;2;237;206;174m[48;2;237;206;174m▀[38;2;237;206;174m[48;2;237;206;174m▀[38;2;235;219;178m[48;2;235;219;178m▀[38;2;235;219;178m[48;2;235;219;178m▀[38;2;235;219;178m[48;2;235;219;178m▀[38;2;235;219;178m[48;2;235;219;178m▀[38;2;237;206;174m[48;2;237;206;174m▀[38;2;237;206;174m[48;2;237;206;174m▀[38;2;237;206;174m[48;2;237;206;174m▀[38;2;237;206;174m[48;2;237;206;174m▀[38;2;235;219;178m[48;2;235;219;178m▀[38;2;235;219;178m[48;2;235;219;178m▀[38;2;235;219;178m[48;2;235;219;178m▀[38;2;235;219;178m[48;2;235;219;178m▀[38;2;237;206;174m[48;2;237;206;174m▀[38;2;237;206;174m[48;2;237;206;174m▀[38;2;237;206;174m[48;2;237;206;174m▀[38;2;237;206;174m[48;2;237;206;174m▀[38;2;235;219;178m[48;2;235;219;178m▀[38;2;235;219;178m[48;2;235;219;178m▀[38;2;235;219;178m[48;2;235;219;178m▀[38;2;235;219;178m[48;2;235;219;178m▀[38;2;237;206;174m[48;2;237;206;174m▀[38;2;237;206;174m[48;2;237;206;174m▀[38;2;237;206;174m[48;2;237;206;174m▀[38;2;237;206;174m[48;2;237;206;174m▀[38;2;235;219;178m[48;2;235;219;178m▀[38;2;235;219;178m[48;2;235;219;178m▀[38;2;235;219;178m[48;2;235;219;178m▀[38;2;235;219;178m[48;2;235;219;178m▀[38;2;237;206;174m[48;2;237;206;174m▀[38;2;237;206;174m[48;2;237;206;174m▀[38;2;237;206;174m[48;2;237;206;174m▀[38;2;237;206;174m[48;2;237;206;174m▀[38;2;252;236;209m[48;2;235;219;178m▀[38;2;235;219;178m[48;2;252;236;209m▀[0m [0m
[0m [38;2;235;219;178m[48;2;252;236;209m▀[38;2;252;236;209m[48;2;252;236;209m▀[38;2;235;219;178m[48;2;235;219;178m▀[38;2;235;219;178m[48;2;235;219;178m▀[38;2;235;219;178m[48;2;235;219;178m▀[38;2;235;219;178m[48;2;235;219;178m▀[38;2;237;206;174m[48;2;237;206;174m▀[38;2;237;206;174m[48;2;237;206;174m▀[38;2;237;206;174m[48;2;237;206;174m▀[38;2;237;206;174m[48;2;237;206;174m▀[38;2;235;219;178m[48;2;235;219;178m▀[38;2;235;219;178m[48;2;235;219;178m▀[38;2;235;219;178m[48;2;235;219;178m▀[38;2;235;219;178m[48;2;235;219;178m▀[38;2;237;206;174m[48;2;237;206;174m▀[38;2;237;206;174m[48;2;237;206;174m▀[38;2;237;206;174m[48;2;237;206;174m▀[38;2;237;206;174m[48;2;237;206;174m▀[38;2;235;219;178m[48;2;235;219;178m▀[38;2;235;219;178m[48;2;235;219;178m▀[38;2;235;219;178m[48;2;235;219;178m▀[38;2;235;219;178m[48;2;235;219;178m▀[38;2;237;206;174m[48;2;237;206;174m▀[38;2;237;206;174m[48;2;237;206;174m▀[38;2;237;206;174m[48;2;237;206;174m▀[38;2;237;206;174m[48;2;237;206;174m▀[38;2;235;219;178m[48;2;235;219;178m▀[38;2;235;219;178m[48;2;235;219;178m▀[38;2;235;219;178m[48;2;235;219;178m▀[38;2;235;219;178m[48;2;235;219;178m▀[38;2;237;206;174m[48;2;237;206;174m▀[38;2;237;206;174m[48;2;237;206;174m▀[38;2;237;206;174m[48;2;237;206;174m▀[38;2;237;206;174m[48;2;237;206;174m▀[38;2;235;219;178m[48;2;235;219;178m▀[38;2;235;219;178m[48;2;235;219;178m▀[38;2;235;219;178m[48;2;235;219;178m▀[38;2;235;219;178m[48;2;235;219;178m▀[38;2;237;206;174m[48;2;237;206;174m▀[38;2;237;206;174m[48;2;237;206;174m▀[38;2;237;206;174m[48;2;237;206;174m▀[38;2;237;206;174m[48;2;237;206;174m▀[38;2;235;219;178m[48;2;235;219;178m▀[38;2;235;219;178m[48;2;235;219;178m▀[38;2;235;219;178m[48;2;235;219;178m▀[38;2;235;219;178m[48;2;235;219;178m▀[38;2;237;206;174m[48;2;237;206;174m▀[38;2;237;206;174m[48;2;237;206;174m▀[38;2;237;206;174m[48;2;237;206;174m▀[38;2;237;206;174m[48;2;237;206;174m▀[38;2;235;219;178m[48;2;235;219;178m▀[38;2;235;219;178m[48;2;235;219;178m▀[38;2;235;219;178m[48;2;235;219;178m▀[38;2;235;219;178m[48;2;235;219;178m▀[38;2;237;206;174m[48;2;237;206;174m▀[38;2;237;206;174m[48;2;237;206;174m▀[38;2;237;206;174m[48;2;237;206;174m▀[38;2;237;206;174m[48;2;237;206;174m▀[38;2;235;219;178m[48;2;235;219;178m▀[38;2;235;219;178m[48;2;235;219;178m▀[38;2;235;219;178m[48;2;235;219;178m▀[38;2;235;219;178m[48;2;235;219;178m▀[38;2;252;236;209m[48;2;252;236;209m▀[38;2;252;236;209m[48;2;252;236;209m▀[0m [0m
[0m [38;2;252;236;209m[48;2;252;236;209m▀[38;2;252;236;209m[48;2;235;219;178m▀[38;2;235;219;178m[48;2;235;219;178m▀[38;2;235;219;178m[48;2;235;219;178m▀[38;2;235;219;178m[48;2;235;219;178m▀[38;2;235;219;178m[48;2;235;219;178m▀[38;2;237;206;174m[48;2;237;206;174m▀[38;2;237;206;174m[48;2;237;206;174m▀[38;2;237;206;174m[48;2;237;206;174m▀[38;2;237;206;174m[48;2;237;206;174m▀[38;2;235;219;178m[48;2;235;219;178m▀[38;2;235;219;178m[48;2;235;219;178m▀[38;2;235;219;178m[48;2;235;219;178m▀[38;2;235;219;178m[48;2;235;219;178m▀[38;2;237;206;174m[48;2;237;206;174m▀[38;2;237;206;174m[48;2;237;206;174m▀[38;2;237;206;174m[48;2;237;206;174m▀[38;2;237;206;174m[48;2;237;206;174m▀[38;2;235;219;178m[48;2;235;219;178m▀[38;2;235;219;178m[48;2;235;219;178m▀[38;2;235;219;178m[48;2;235;219;178m▀[38;2;235;219;178m[48;2;235;219;178m▀[38;2;237;206;174m[48;2;237;206;174m▀[38;2;237;206;174m[48;2;237;206;174m▀[38;2;237;206;174m[48;2;237;206;174m▀[38;2;237;206;174m[48;2;237;206;174m▀[38;2;235;219;178m[48;2;235;219;178m▀[38;2;235;219;178m[48;2;235;219;178m▀[38;2;235;219;178m[48;2;235;219;178m▀[38;2;235;219;178m[48;2;235;219;178m▀[38;2;237;206;174m[48;2;237;206;174m▀[38;2;237;206;174m[48;2;237;206;174m▀[38;2;237;206;174m[48;2;237;206;174m▀[38;2;237;206;174m[48;2;237;206;174m▀[38;2;235;219;178m[48;2;235;219;178m▀[38;2;235;219;178m[48;2;235;219;178m▀[38;2;235;219;178m[48;2;235;219;178m▀[38;2;235;219;178m[48;2;235;219;178m▀[38;2;237;206;174m[48;2;237;206;174m▀[38;2;237;206;174m[48;2;237;206;174m▀[38;2;237;206;174m[48;2;237;206;174m▀[38;2;237;206;174m[48;2;237;206;174m▀[38;2;235;219;178m[48;2;235;219;178m▀[38;2;235;219;178m[48;2;235;219;178m▀[38;2;235;219;178m[48;2;235;219;178m▀[38;2;235;219;178m[48;2;235;219;178m▀[38;2;237;206;174m[48;2;237;206;174m▀[38;2;237;206;174m[48;2;237;206;174m▀[38;2;237;206;174m[48;2;237;206;174m▀[38;2;237;206;174m[48;2;237;206;174m▀[38;2;235;219;178m[48;2;235;219;178m▀[38;2;235;219;178m[48;2;235;219;178m▀[38;2;235;219;178m[48;2;235;219;178m▀[38;2;235;219;178m[48;2;235;219;178m▀[38;2;237;206;174m[48;2;237;206;174m▀[38;2;237;206;174m[48;2;237;206;174m▀[38;2;237;206;174m[48;2;237;206;174m▀[38;2;237;206;174m[48;2;237;206;174m▀[38;2;235;219;178m[48;2;235;219;178m▀[38;2;235;219;178m[48;2;235;219;178m▀[38;2;235;219;178m[48;2;235;219;178m▀[38;2;235;219;178m[48;2;235;219;178m▀[38;2;252;236;209m[48;2;235;219;178m▀[38;2;235;219;178m[48;2;252;236;209m▀[0m [0m
[0m [38;2;235;219;178m[48;2;252;236;209m▀[38;2;252;236;209m[48;2;252;236;209m▀[38;2;237;206;174m[48;2;237;206;174m▀[38;2;237;206;174m[48;2;237;206;174m▀[38;2;237;206;174m[48;2;237;206;174m▀[38;2;237;206;174m[48;2;237;206;174m▀[38;2;235;219;178m[48;2;235;219;178m▀[38;2;235;219;178m[48;2;235;219;178m▀[38;2;235;219;178m[48;2;235;219;178m▀[38;2;235;219;178m[48;2;235;219;178m▀[38;2;237;206;174m[48;2;237;206;174m▀[38;2;237;206;174m[48;2;237;206;174m▀[38;2;237;206;174m[48;2;237;206;174m▀[38;2;237;206;174m[48;2;237;206;174m▀[38;2;235;219;178m[48;2;235;219;178m▀[38;2;235;219;178m[48;2;235;219;178m▀[38;2;235;219;178m[48;2;235;219;178m▀[38;2;235;219;178m[48;2;235;219;178m▀[38;2;237;206;174m[48;2;237;206;174m▀[38;2;237;206;174m[48;2;237;206;174m▀[38;2;237;206;174m[48;2;237;206;174m▀[38;2;237;206;174m[48;2;237;206;174m▀[38;2;235;219;178m[48;2;235;219;178m▀[38;2;235;219;178m[48;2;235;219;178m▀[38;2;235;219;178m[48;2;235;219;178m▀[38;2;235;219;178m[48;2;235;219;178m▀[38;2;237;206;174m[48;2;237;206;174m▀[38;2;237;206;174m[48;2;237;206;174m▀[38;2;237;206;174m[48;2;237;206;174m▀[38;2;237;206;174m[48;2;237;206;174m▀[38;2;235;219;178m[48;2;235;219;178m▀[38;2;235;219;178m[48;2;235;219;178m▀[38;2;235;219;178m[48;2;235;219;178m▀[38;2;235;219;178m[48;2;235;219;178m▀[38;2;237;206;174m[48;2;237;206;174m▀[38;2;237;206;174m[48;2;237;206;174m▀[38;2;237;206;174m[48;2;237;206;174m▀[38;2;237;206;174m[48;2;237;206;174m▀[38;2;235;219;178m[48;2;235;219;178m▀[38;2;235;219;178m[48;2;235;219;178m▀[38;2;235;219;178m[48;2;235;219;178m▀[38;2;235;219;178m[48;2;235;219;178m▀[38;2;237;206;174m[48;2;237;206;174m▀[38;2;237;206;174m[48;2;237;206;174m▀[38;2;237;206;174m[48;2;237;206;174m▀[38;2;237;206;174m[48;2;237;206;174m▀[38;2;235;219;178m[48;2;235;219;178m▀[38;2;235;219;178m[48;2;235;219;178m▀[38;2;235;219;178m[48;2;235;219;178m▀[38;2;235;219;178m[48;2;235;219;178m▀[38;2;237;206;174m[48;2;237;206;174m▀[38;2;237;206;174m[48;2;237;206;174m▀[38;2;237;206;174m[48;2;237;206;174m▀[38;2;237;206;174m[48;2;237;206;174m▀[38;2;235;219;178m[48;2;235;219;178m▀[38;2;235;219;178m[48;2;235;219;178m▀[38;2;235;219;178m[48;2;235;219;178m▀[38;2;235;219;178m[48;2;235;219;178m▀[38;2;237;206;174m[48;2;237;206;174m▀[38;2;237;206;174m[48;2;237;206;174m▀[38;2;237;206;174m[48;2;237;206;174m▀[38;2;237;206;174m[48;2;237;206;174m▀[38;2;252;236;209m[48;2;252;236;209m▀[38;2;252;236;209m[48;2;252;236;209m▀[0m [0m
[0m [38;2;252;236;209m[48;2;252;236;209m▀[38;2;252;236;209m[48;2;235;219;178m▀[38;2;237;206;174m[48;2;237;206;174m▀[38;2;237;206;174m[48;2;237;206;174m▀[38;2;237;206;174m[48;2;237;206;174m▀[38;2;237;206;174m[48;2;237;206;174m▀[38;2;235;219;178m[48;2;235;219;178m▀[38;2;235;219;178m[48;2;235;219;178m▀[38;2;235;219;178m[48;2;235;219;178m▀[38;2;235;219;178m[48;2;235;219;178m▀[38;2;237;206;174m[48;2;237;206;174m▀[38;2;237;206;174m[48;2;237;206;174m▀[38;2;237;206;174m[48;2;237;206;174m▀[38;2;237;206;174m[48;2;237;206;174m▀[38;2;235;219;178m[48;2;235;219;178m▀[38;2;235;219;178m[48;2;235;219;178m▀[38;2;235;219;178m[48;2;235;219;178m▀[38;2;235;219;178m[48;2;235;219;178m▀[38;2;237;206;174m[48;2;237;206;174m▀[38;2;237;206;174m[48;2;237;206;174m▀[38;2;237;206;174m[48;2;237;206;174m▀[38;2;237;206;174m[48;2;237;206;174m▀[38;2;235;219;178m[48;2;235;219;178m▀[38;2;235;219;178m[48;2;235;219;178m▀[38;2;235;219;178m[48;2;235;219;178m▀[38;2;235;219;178m[48;2;235;219;178m▀[38;2;237;206;174m[48;2;237;206;174m▀[38;2;237;206;174m[48;2;237;206;174m▀[38;2;237;206;174m[48;2;237;206;174m▀[38;2;237;206;174m[48;2;237;206;174m▀[38;2;235;219;178m[48;2;235;219;178m▀[38;2;235;219;178m[48;2;235;219;178m▀[38;2;235;219;178m[48;2;235;219;178m▀[38;2;235;219;178m[48;2;235;219;178m▀[38;2;237;206;174m[48;2;237;206;174m▀[38;2;237;206;174m[48;2;237;206;174m▀[38;2;237;206;174m[48;2;237;206;174m▀[38;2;237;206;174m[48;2;237;206;174m▀[38;2;235;219;178m[48;2;235;219;178m▀[38;2;235;219;178m[48;2;235;219;178m▀[38;2;235;219;178m[48;2;235;219;178m▀[38;2;235;219;178m[48;2;235;219;178m▀[38;2;237;206;174m[48;2;237;206;174m▀[38;2;237;206;174m[48;2;237;206;174m▀[38;2;237;206;174m[48;2;237;206;174m▀[38;2;237;206;174m[48;2;237;206;174m▀[38;2;235;219;178m[48;2;235;219;178m▀[38;2;235;219;178m[48;2;235;219;178m▀[38;2;235;219;178m[48;2;235;219;178m▀[38;2;235;219;178m[48;2;235;219;178m▀[38;2;237;206;174m[48;2;237;206;174m▀[38;2;237;206;174m[48;2;237;206;174m▀[38;2;237;206;174m[48;2;237;206;174m▀[38;2;237;206;174m[48;2;237;206;174m▀[38;2;235;219;178m[48;2;235;219;178m▀[38;2;235;219;178m[48;2;235;219;178m▀[38;2;235;219;178m[48;2;235;219;178m▀[38;2;235;219;178m[48;2;235;219;178m▀[38;2;237;206;174m[48;2;237;206;174m▀[38;2;237;206;174m[48;2;237;206;174m▀[38;2;237;206;174m[48;2;237;206;174m▀[38;2;237;206;174m[48;2;237;206;174m▀[38;2;252;236;209m[48;2;235;219;178m▀[38;2;235;219;178m[48;2;252;236;209m▀[0m [0m
[0m [38;2;235;219;178m[48;2;252;236;209m▀[38;2;252;236;209m[48;2;252;236;209m▀[38;2;235;219;178m[48;2;235;219;178m▀[38;2;235;219;178m[48;2;235;219;178m▀[38;2;235;219;178m[48;2;235;219;178m▀[38;2;235;219;178m[48;2;235;219;178m▀[38;2;237;206;174m[48;2;237;206;174m▀[38;2;237;206;174m[48;2;237;206;174m▀[38;2;237;206;174m[48;2;237;206;174m▀[38;2;237;206;174m[48;2;237;206;174m▀[38;2;235;219;178m[48;2;235;219;178m▀[38;2;235;219;178m[48;2;235;219;178m▀[38;2;235;219;178m[48;2;235;219;178m▀[38;2;235;219;178m[48;2;235;219;178m▀[38;2;237;206;174m[48;2;237;206;174m▀[38;2;237;206;174m[48;2;237;206;174m▀[38;2;237;206;174m[48;2;237;206;174m▀[38;2;237;206;174m[48;2;237;206;174m▀[38;2;235;219;178m[48;2;235;219;178m▀[38;2;235;219;178m[48;2;235;219;178m▀[38;2;235;219;178m[48;2;235;219;178m▀[38;2;235;219;178m[48;2;235;219;178m▀[38;2;237;206;174m[48;2;237;206;174m▀[38;2;237;206;174m[48;2;237;206;174m▀[38;2;237;206;174m[48;2;237;206;174m▀[38;2;237;206;174m[48;2;237;206;174m▀[38;2;235;219;178m[48;2;235;219;178m▀[38;2;235;219;178m[48;2;235;219;178m▀[38;2;235;219;178m[48;2;235;219;178m▀[38;2;235;219;178m[48;2;235;219;178m▀[38;2;237;206;174m[48;2;237;206;174m▀[38;2;237;206;174m[48;2;237;206;174m▀[38;2;237;206;174m[48;2;237;206;174m▀[38;2;237;206;174m[48;2;237;206;174m▀[38;2;235;219;178m[48;2;235;219;178m▀[38;2;235;219;178m[48;2;235;219;178m▀[38;2;235;219;178m[48;2;235;219;178m▀[38;2;235;219;178m[48;2;235;219;178m▀[38;2;237;206;174m[48;2;237;206;174m▀[38;2;237;206;174m[48;2;237;206;174m▀[38;2;237;206;174m[48;2;237;206;174m▀[38;2;237;206;174m[48;2;237;206;174m▀[38;2;235;219;178m[48;2;235;219;178m▀[38;2;235;219;178m[48;2;235;219;178m▀[38;2;235;219;178m[48;2;235;219;178m▀[38;2;235;219;178m[48;2;235;219;178m▀[38;2;237;206;174m[48;2;237;206;174m▀[38;2;237;206;174m[48;2;237;206;174m▀[38;2;237;206;174m[48;2;237;206;174m▀[38;2;237;206;174m[48;2;237;206;174m▀[38;2;235;219;178m[48;2;235;219;178m▀[38;2;235;219;178m[48;2;235;219;178m▀[38;2;235;219;178m[48;2;235;219;178m▀[38;2;235;219;178m[48;2;235;219;178m▀[38;2;237;206;174m[48;2;237;206;174m▀[38;2;237;206;174m[48;2;237;206;174m▀[38;2;237;206;174m[48;2;237;206;174m▀[38;2;237;206;174m[48;2;237;206;174m▀[38;2;235;219;178m[48;2;235;219;178m▀[38;2;235;219;178m[48;2;235;219;178m▀[38;2;235;219;178m[48;2;235;219;178m▀[38;2;235;219;178m[48;2;235;219;178m▀[38;2;252;236;209m[48;2;252;236;209m▀[38;2;252;236;209m[48;2;252;236;209m▀[0m [0m
[0m [38;2;252;236;209m[48;2;252;236;209m▀[38;2;252;236;209m[48;2;235;219;178m▀[38;2;235;219;178m[48;2;235;219;178m▀[38;2;235;219;178m[48;2;235;219;178m▀[38;2;235;219;178m[48;2;235;219;178m▀[38;2;235;219;178m[48;2;235;219;178m▀[38;2;237;206;174m[48;2;237;206;174m▀[38;2;237;206;174m[48;2;237;206;174m▀[38;2;237;206;174m[48;2;237;206;174m▀[38;2;237;206;174m[48;2;237;206;174m▀[38;2;235;219;178m[48;2;235;219;178m▀[38;2;235;219;178m[48;2;235;219;178m▀[38;2;235;219;178m[48;2;235;219;178m▀[38;2;235;219;178m[48;2;235;219;178m▀[38;2;237;206;174m[48;2;237;206;174m▀[38;2;237;206;174m[48;2;237;206;174m▀[38;2;237;206;174m[48;2;237;206;174m▀[38;2;237;206;174m[48;2;237;206;174m▀[38;2;235;219;178m[48;2;235;219;178m▀[38;2;235;219;178m[48;2;235;219;178m▀[38;2;235;219;178m[48;2;235;219;178m▀[38;2;235;219;178m[48;2;235;219;178m▀[38;2;237;206;174m[48;2;237;206;174m▀[38;2;237;206;174m[48;2;237;206;174m▀[38;2;237;206;174m[48;2;237;206;174m▀[38;2;237;206;174m[48;2;237;206;174m▀[38;2;235;219;178m[48;2;235;219;178m▀[38;2;235;219;178m[48;2;235;219;178m▀[38;2;235;219;178m[48;2;235;219;178m▀[38;2;235;219;178m[48;2;235;219;178m▀[38;2;237;206;174m[48;2;237;206;174m▀[38;2;237;206;174m[48;2;237;206;174m▀[38;2;237;206;174m[48;2;237;206;174m▀[38;2;237;206;174m[48;2;237;206;174m▀[38;2;235;219;178m[48;2;235;219;178m▀[38;2;235;219;178m[48;2;235;219;178m▀[38;2;235;219;178m[48;2;235;219;178m▀[38;2;235;219;178m[48;2;235;219;178m▀[38;2;237;206;174m[48;2;237;206;174m▀[38;2;237;206;174m[48;2;237;206;174m▀[38;2;237;206;174m[48;2;237;206;174m▀[38;2;237;206;174m[48;2;237;206;174m▀[38;2;235;219;178m[48;2;235;219;178m▀[38;2;235;219;178m[48;2;235;219;178m▀[38;2;235;219;178m[48;2;235;219;178m▀[38;2;235;219;178m[48;2;235;219;178m▀[38;2;237;206;174m[48;2;237;206;174m▀[38;2;237;206;174m[48;2;237;206;174m▀[38;2;237;206;174m[48;2;237;206;174m▀[38;2;237;206;174m[48;2;237;206;174m▀[38;2;235;219;178m[48;2;235;219;178m▀[38;2;235;219;178m[48;2;235;219;178m▀[38;2;235;219;178m[48;2;235;219;178m▀[38;2;235;219;178m[48;2;235;219;178m▀[38;2;237;206;174m[48;2;237;206;174m▀[38;2;237;206;174m[48;2;237;206;174m▀[38;2;237;206;174m[48;2;237;206;174m▀[38;2;237;206;174m[48;2;237;206;174m▀[38;2;235;219;178m[48;2;235;219;178m▀[38;2;235;219;178m[48;2;235;219;178m▀[38;2;235;219;178m[48;2;235;219;178m▀[38;2;235;219;178m[48;2;235;219;178m▀[38;2;252;236;209m[48;2;235;219;178m▀[38;2;235;219;178m[48;2;252;236;209m▀[0m [0m
[0m [38;2;235;219;178m[48;2;252;236;209m▀[38;2;252;236;209m[48;2;252;236;209m▀[38;2;237;206;174m[48;2;237;206;174m▀[38;2;237;206;174m[48;2;237;206;174m▀[38;2;237;206;174m[48;2;237;206;174m▀[38;2;237;206;174m[48;2;237;206;174m▀[38;2;235;219;178m[48;2;235;219;178m▀[38;2;235;219;178m[48;2;235;219;178m▀[38;2;235;219;178m[48;2;235;219;178m▀[38;2;235;219;178m[48;2;235;219;178m▀[38;2;237;206;174m[48;2;237;206;174m▀[38;2;237;206;174m[48;2;237;206;174m▀[38;2;237;206;174m[48;2;237;206;174m▀[38;2;237;206;174m[48;2;237;206;174m▀[38;2;235;219;178m[48;2;235;219;178m▀[38;2;235;219;178m[48;2;235;219;178m▀[38;2;235;219;178m[48;2;235;219;178m▀[38;2;235;219;178m[48;2;235;219;178m▀[38;2;237;206;174m[48;2;237;206;174m▀[38;2;237;206;174m[48;2;237;206;174m▀[38;2;237;206;174m[48;2;237;206;174m▀[38;2;237;206;174m[48;2;237;206;174m▀[38;2;235;219;178m[48;2;235;219;178m▀[38;2;235;219;178m[48;2;235;219;178m▀[38;2;235;219;178m[48;2;235;219;178m▀[38;2;235;219;178m[48;2;235;219;178m▀[38;2;237;206;174m[48;2;237;206;174m▀[38;2;237;206;174m[48;2;237;206;174m▀[38;2;237;206;174m[48;2;237;206;174m▀[38;2;237;206;174m[48;2;237;206;174m▀[38;2;235;219;178m[48;2;235;219;178m▀[38;2;235;219;178m[48;2;235;219;178m▀[38;2;235;219;178m[48;2;235;219;178m▀[38;2;235;219;178m[48;2;235;219;178m▀[38;2;237;206;174m[48;2;237;206;174m▀[38;2;237;206;174m[48;2;237;206;174m▀[38;2;237;206;174m[48;2;237;206;174m▀[38;2;237;206;174m[48;2;237;206;174m▀[38;2;235;219;178m[48;2;235;219;178m▀[38;2;235;219;178m[48;2;235;219;178m▀[38;2;235;219;178m[48;2;235;219;178m▀[38;2;235;219;178m[48;2;235;219;178m▀[38;2;237;206;174m[48;2;237;206;174m▀[38;2;237;206;174m[48;2;237;206;174m▀[38;2;237;206;174m[48;2;237;206;174m▀[38;2;237;206;174m[48;2;237;206;174m▀[38;2;235;219;178m[48;2;235;219;178m▀[38;2;235;219;178m[48;2;235;219;178m▀[38;2;235;219;178m[48;2;235;219;178m▀[38;2;235;219;178m[48;2;235;219;178m▀[38;2;237;206;174m[48;2;237;206;174m▀[38;2;237;206;174m[48;2;237;206;174m▀[38;2;237;206;174m[48;2;237;206;174m▀[38;2;237;206;174m[48;2;237;206;174m▀[38;2;235;219;178m[48;2;235;219;178m▀[38;2;235;219;178m[48;2;235;219;178m▀[38;2;235;219;178m[48;2;235;219;178m▀[38;2;235;219;178m[48;2;235;219;178m▀[38;2;237;206;174m[48;2;237;206;174m▀[38;2;237;206;174m[48;2;237;206;174m▀[38;2;237;206;174m[48;2;237;206;174m▀[38;2;237;206;174m[48;2;237;206;174m▀[38;2;252;236;209m[48;2;252;236;209m▀[38;2;252;236;209m[48;2;252;236;209m▀[0m [0m
[0m [0m[38;2;252;236;209m▀[38;2;252;236;209m[48;2;252;236;209m▀[38;2;252;236;209m[48;2;235;219;178m▀[38;2;237;206;174m[48;2;252;236;209m▀[38;2;237;206;174m[48;2;237;206;174m▀[38;2;237;206;174m[48;2;237;206;174m▀[38;2;235;219;178m[48;2;235;219;178m▀[38;2;235;219;178m[48;2;235;219;178m▀[38;2;235;219;178m[48;2;235;219;178m▀[38;2;235;219;178m[48;2;235;219;178m▀[38;2;237;206;174m[48;2;237;206;174m▀[38;2;237;206;174m[48;2;237;206;174m▀[38;2;237;206;174m[48;2;237;206;174m▀[38;2;237;206;174m[48;2;237;206;174m▀[38;2;235;219;178m[48;2;235;219;178m▀[38;2;235;219;178m[48;2;235;219;178m▀[38;2;235;219;178m[48;2;235;219;178m▀[38;2;235;219;178m[48;2;235;219;178m▀[38;2;237;206;174m[48;2;237;206;174m▀[38;2;237;206;174m[48;2;237;206;174m▀[38;2;237;206;174m[48;2;237;206;174m▀[38;2;237;206;174m[48;2;237;206;174m▀[38;2;235;219;178m[48;2;235;219;178m▀[38;2;235;219;178m[48;2;235;219;178m▀[38;2;235;219;178m[48;2;235;219;178m▀[38;2;235;219;178m[48;2;235;219;178m▀[38;2;237;206;174m[48;2;237;206;174m▀[38;2;237;206;174m[48;2;237;206;174m▀[38;2;237;206;174m[48;2;237;206;174m▀[38;2;237;206;174m[48;2;237;206;174m▀[38;2;235;219;178m[48;2;235;219;178m▀[38;2;235;219;178m[48;2;235;219;178m▀[38;2;235;219;178m[48;2;235;219;178m▀[38;2;235;219;178m[48;2;235;219;178m▀[38;2;237;206;174m[48;2;237;206;174m▀[38;2;237;206;174m[48;2;237;206;174m▀[38;2;237;206;174m[48;2;237;206;174m▀[38;2;237;206;174m[48;2;237;206;174m▀[38;2;235;219;178m[48;2;235;219;178m▀[38;2;235;219;178m[48;2;235;219;178m▀[38;2;235;219;178m[48;2;235;219;178m▀[38;2;235;219;178m[48;2;235;219;178m▀[38;2;237;206;174m[48;2;237;206;174m▀[38;2;237;206;174m[48;2;237;206;174m▀[38;2;237;206;174m[48;2;237;206;174m▀[38;2;237;206;174m[48;2;237;206;174m▀[38;2;235;219;178m[48;2;235;219;178m▀[38;2;235;219;178m[48;2;235;219;178m▀[38;2;235;219;178m[48;2;235;219;178m▀[38;2;235;219;178m[48;2;235;219;178m▀[38;2;237;206;174m[48;2;237;206;174m▀[38;2;237;206;174m[48;2;237;206;174m▀[38;2;237;206;174m[48;2;237;206;174m▀[38;2;237;206;174m[48;2;237;206;174m▀[38;2;235;219;178m[48;2;235;219;178m▀[38;2;235;219;178m[48;2;235;219;178m▀[38;2;235;219;178m[48;2;235;219;178m▀[38;2;235;219;178m[48;2;235;219;178m▀[38;2;237;206;174m[48;2;237;206;174m▀[38;2;237;206;174m[48;2;237;206;174m▀[38;2;237;206;174m[48;2;252;236;209m▀[38;2;252;236;209m[48;2;235;219;178m▀[38;2;252;236;209m[48;2;252;236;209m▀[0m[38;2;252;236;209m▀[0m [0m
[0m [0m [0m [0m[38;2;252;236;209m▀[38;2;252;236;209m[48;2;252;236;209m▀[38;2;252;236;209m[48;2;252;236;209m▀[38;2;252;236;209m[48;2;252;236;209m▀[38;2;252;236;209m[48;2;235;219;178m▀[38;2;235;219;178m[48;2;252;236;209m▀[38;2;252;236;209m[48;2;252;236;209m▀[38;2;252;236;209m[48;2;252;236;209m▀[38;2;252;236;209m[48;2;252;236;209m▀[38;2;252;236;209m[48;2;252;236;209m▀[38;2;252;236;209m[48;2;235;219;178m▀[38;2;235;219;178m[48;2;252;236;209m▀[38;2;252;236;209m[48;2;252;236;209m▀[38;2;252;236;209m[48;2;252;236;209m▀[38;2;252;236;209m[48;2;252;236;209m▀[38;2;252;236;209m[48;2;252;236;209m▀[38;2;252;236;209m[48;2;235;219;178m▀[38;2;235;219;178m[48;2;252;236;209m▀[38;2;252;236;209m[48;2;252;236;209m▀[38;2;252;236;209m[48;2;252;236;209m▀[38;2;252;236;209m[48;2;252;236;209m▀[38;2;252;236;209m[48;2;252;236;209m▀[38;2;252;236;209m[48;2;252;236;209m▀[38;2;252;236;209m[48;2;235;219;178m▀[38;2;235;219;178m[48;2;252;236;209m▀[38;2;252;236;209m[48;2;252;236;209m▀[38;2;252;236;209m[48;2;252;236;209m▀[38;2;252;236;209m[48;2;252;236;209m▀[38;2;252;236;209m[48;2;252;236;209m▀[38;2;252;236;209m[48;2;252;236;209m▀[38;2;252;236;209m[48;2;235;219;178m▀[38;2;235;219;178m[48;2;252;236;209m▀[38;2;252;236;209m[48;2;252;236;209m▀[38;2;252;236;209m[48;2;252;236;209m▀[38;2;252;236;209m[48;2;252;236;209m▀[38;2;252;236;209m[48;2;252;236;209m▀[38;2;252;236;209m[48;2;252;236;209m▀[38;2;252;236;209m[48;2;235;219;178m▀[38;2;235;219;178m[48;2;252;236;209m▀[38;2;252;236;209m[48;2;252;236;209m▀[38;2;252;236;209m[48;2;252;236;209m▀[38;2;252;236;209m[48;2;252;236;209m▀[38;2;252;236;209m[48;2;252;236;209m▀[38;2;252;236;209m[48;2;235;219;178m▀[38;2;252;236;209m[48;2;252;236;209m▀[38;2;252;236;209m[48;2;252;236;209m▀[38;2;252;236;209m[48;2;252;236;209m▀[38;2;252;236;209m[48;2;235;219;178m▀[38;2;235;219;178m[48;2;252;236;209m▀[38;2;252;236;209m[48;2;252;236;209m▀[38;2;252;236;209m[48;2;252;236;209m▀[38;2;252;236;209m[48;2;252;236;209m▀[38;2;252;236;209m[48;2;252;236;209m▀[38;2;252;236;209m[48;2;252;236;209m▀[38;2;252;236;209m[48;2;235;219;178m▀[38;2;235;219;178m[48;2;252;236;209m▀[38;2;252;236;209m[48;2;252;236;209m▀[38;2;252;236;209m[48;2;252;236;209m▀[38;2;252;236;209m[48;2;252;236;209m▀[0m[38;2;252;236;209m▀[0m [0m [0m [0m
[0m [0m [0m [0m [0m [0m [0m [0m [0m [0m [0m [0m [0m [0m [0m [0m [0m [0m [0m [0m [0m [0m [0m [0m [0m [0m [0m [0m [0m [0m [0m [0m [0m [0m [0m [0m [0m [0m [0m [0m [0m [0m [0m [0m [0m [0m [0m [0m [0m [0m [0m [0m [0m [0m [0m [0m [0m [0m [0m [0m [0m [0m [0m [0m [0m [0m [0m
